163402 兴全趋势 日线
      日期	    开盘	    最高	    最低	    收盘	    成交量	    成交额
07/02/2007	0.790	0.790	0.750	0.770	57776447	60698948.000
07/03/2007	0.778	0.794	0.773	0.787	30085211	31970282.000
07/04/2007	0.790	0.790	0.770	0.770	21421340	22624802.000
07/05/2007	0.760	0.760	0.735	0.737	45597157	46789340.000
07/06/2007	0.728	0.770	0.720	0.770	42198626	43344984.000
07/09/2007	0.775	0.779	0.765	0.771	40575297	42592052.000
07/10/2007	0.769	0.769	0.750	0.751	25074902	25967288.000
07/11/2007	0.752	0.759	0.745	0.753	15375126	15863267.000
07/12/2007	0.755	0.758	0.748	0.750	17708742	18244748.000
07/13/2007	0.750	0.753	0.742	0.747	14966852	15353229.000
07/16/2007	0.750	0.750	0.736	0.738	14668168	14969163.000
07/17/2007	0.734	0.742	0.731	0.741	15954397	16253292.000
07/18/2007	0.740	0.750	0.739	0.747	15405932	15817352.000
07/19/2007	0.749	0.751	0.744	0.745	9933188	10205246.000
07/20/2007	0.742	0.764	0.742	0.761	38711040	40048892.000
07/23/2007	0.761	0.790	0.761	0.785	52257232	55375404.000
07/24/2007	0.791	0.791	0.775	0.776	46697979	49681068.000
07/25/2007	0.776	0.784	0.776	0.780	39705706	42043204.000
07/26/2007	0.785	0.788	0.781	0.786	50592667	53862908.000
07/27/2007	0.786	0.786	0.779	0.784	43073025	45784272.000
07/30/2007	0.785	0.786	0.779	0.785	83008024	88237680.000
07/31/2007	0.784	0.785	0.778	0.785	65919838	69997968.000
08/01/2007	0.786	0.850	0.786	0.798	118476096	129487984.000
08/02/2007	0.793	0.815	0.791	0.809	50350614	54691228.000
08/03/2007	0.809	0.818	0.799	0.817	98809964	107518416.000
08/06/2007	0.820	0.869	0.820	0.868	111558129	125936320.000
08/07/2007	0.872	0.930	0.857	0.921	181676929	214859360.000
08/08/2007	0.910	0.929	0.878	0.910	131969059	156788608.000
08/09/2007	0.877	0.905	0.870	0.889	178672901	208572400.000
08/10/2007	0.885	0.885	0.850	0.868	151380840	173387472.000
08/13/2007	0.868	0.874	0.861	0.868	79477488	91314136.000
08/14/2007	0.867	0.880	0.858	0.878	58291905	67058192.000
08/15/2007	0.877	0.878	0.860	0.869	66777063	76798560.000
08/16/2007	0.869	0.869	0.856	0.861	64229485	73241936.000
08/17/2007	0.858	0.869	0.848	0.848	73837842	83688488.000
08/20/2007	0.853	0.875	0.853	0.873	65174241	74847168.000
08/21/2007	0.880	0.883	0.874	0.880	64567025	74786864.000
08/22/2007	0.872	0.888	0.865	0.883	79592750	92452968.000
08/23/2007	0.886	0.893	0.880	0.893	89997884	105061560.000
08/24/2007	0.896	0.918	0.896	0.915	89961861	107117816.000
08/27/2007	0.923	0.934	0.911	0.920	96218690	115997720.000
08/28/2007	0.919	0.919	0.895	0.916	72276297	86010304.000
08/29/2007	0.909	0.915	0.899	0.901	69866875	82762032.000
08/30/2007	0.904	0.920	0.901	0.920	74366895	88552544.000
08/31/2007	0.921	0.932	0.916	0.931	69357027	83639008.000
09/03/2007	0.939	0.960	0.939	0.960	66597074	82179320.000
09/04/2007	0.962	0.969	0.951	0.955	53593298	66421780.000
09/05/2007	0.955	0.961	0.936	0.960	54421992	67064832.000
09/06/2007	0.959	0.971	0.955	0.971	60503751	75360448.000
09/07/2007	0.969	0.969	0.955	0.957	50889724	63142284.000
09/10/2007	0.940	0.964	0.925	0.963	47237290	57805596.000
09/11/2007	0.960	0.964	0.915	0.916	53457728	65503844.000
09/12/2007	0.914	0.935	0.901	0.922	50991597	60797940.000
09/13/2007	0.925	0.944	0.920	0.943	48238208	58444028.000
09/14/2007	0.945	0.960	0.939	0.959	55061701	67583024.000
09/17/2007	0.958	0.983	0.952	0.982	66515675	83297552.000
09/18/2007	0.990	0.990	0.972	0.984	39961268	50355412.000
09/19/2007	0.983	0.983	0.965	0.977	31849164	40001368.000
09/20/2007	0.975	0.985	0.971	0.982	32945201	41517576.000
09/21/2007	0.981	0.982	0.968	0.982	32139890	40308536.000
09/24/2007	0.979	0.983	0.969	0.979	39653204	49881056.000
09/25/2007	0.983	0.986	0.979	0.984	35439769	44755436.000
09/26/2007	0.983	0.988	0.858	0.975	24846593	31365182.000
09/27/2007	0.975	0.989	0.969	0.989	26449637	33317874.000
09/28/2007	0.999	1.026	0.997	1.022	42015309	54369132.000
10/08/2007	1.031	1.050	1.031	1.046	23690762	31343550.000
10/09/2007	1.046	1.050	1.032	1.049	16689046	22073142.000
10/10/2007	1.045	1.076	1.045	1.061	22338768	30064318.000
10/11/2007	1.063	1.071	1.053	1.071	18666119	25080996.000
10/12/2007	1.075	1.078	1.030	1.071	28095106	37540244.000
10/15/2007	1.072	1.102	1.064	1.099	27282955	37130796.000
10/16/2007	1.100	1.158	1.100	1.146	45796743	65067472.000
10/17/2007	1.143	1.170	1.120	1.125	56092533	79842720.000
10/18/2007	1.118	1.118	1.070	1.074	61788701	84693496.000
10/19/2007	1.073	1.095	1.063	1.075	40414476	54936260.000
10/22/2007	1.073	1.088	1.045	1.052	26550264	35625972.000
10/23/2007	1.050	1.060	1.039	1.060	20656476	27477872.000
10/24/2007	1.062	1.075	1.062	1.066	16660634	22481696.000
10/25/2007	1.061	1.061	1.020	1.024	29325356	38525940.000
10/26/2007	1.002	1.024	0.994	1.011	29178239	37535524.000
10/29/2007	1.020	1.047	1.014	1.044	15871836	20801398.000
10/30/2007	1.047	1.060	1.035	1.060	14833866	19702580.000
10/31/2007	1.066	1.075	1.065	1.073	18751656	25337972.000
11/01/2007	1.072	1.073	1.059	1.060	16111137	21641408.000
11/02/2007	1.055	1.055	1.039	1.040	22267255	29460088.000
11/05/2007	1.038	1.041	1.021	1.025	17730995	23180164.000
11/06/2007	1.024	1.030	1.016	1.019	14574174	18986774.000
11/07/2007	1.025	1.039	1.002	1.021	14431911	18680316.000
11/08/2007	1.020	1.020	0.976	0.977	25044210	31846398.000
11/09/2007	0.967	0.983	0.950	0.978	35714365	44531612.000
11/12/2007	0.955	0.955	0.901	0.949	42124870	51021432.000
11/13/2007	0.954	0.976	0.932	0.955	26883194	33405250.000
11/14/2007	0.966	0.996	0.950	0.996	24694739	30948316.000
11/15/2007	0.987	0.992	0.974	0.977	16184597	20430686.000
11/16/2007	0.969	0.969	0.952	0.967	9867030	12251575.000
11/19/2007	0.968	0.978	0.960	0.966	7317898	9116699.000
11/20/2007	0.960	0.984	0.951	0.978	13195704	16500319.000
11/21/2007	0.979	0.986	0.964	0.967	10526545	13215637.000
11/22/2007	0.953	0.956	0.920	0.922	16333465	19940844.000
11/23/2007	0.922	0.945	0.912	0.945	14906230	18010216.000
11/26/2007	0.953	0.962	0.938	0.938	16200169	19917878.000
11/27/2007	0.925	0.935	0.922	0.924	13135893	15865224.000
11/28/2007	0.923	0.931	0.902	0.910	20025721	23964934.000
11/29/2007	0.923	0.950	0.909	0.949	28216497	34160428.000
11/30/2007	0.947	0.947	0.930	0.935	14492376	17625210.000
12/03/2007	0.926	0.949	0.926	0.945	9427936	11492121.000
12/04/2007	0.947	0.964	0.946	0.958	13840555	17130122.000
12/05/2007	0.958	0.987	0.952	0.985	22043970	27699688.000
12/06/2007	0.987	0.993	0.980	0.990	12966533	16433196.000
12/07/2007	0.991	1.011	0.990	1.005	15864013	20309624.000
12/10/2007	0.987	1.032	0.985	1.030	27413233	35490300.000
12/11/2007	1.030	1.042	1.017	1.029	21735432	28436642.000
12/12/2007	1.029	1.029	1.010	1.017	16237007	21080380.000
12/13/2007	1.010	1.017	0.981	0.986	14308676	18314528.000
12/14/2007	0.975	0.996	0.959	0.996	21682360	27101192.000
12/17/2007	0.986	0.991	0.973	0.975	10486901	13235545.000
12/18/2007	0.970	0.980	0.963	0.971	9599331	12008986.000
12/19/2007	0.980	0.997	0.977	0.993	12526580	15900218.000
12/20/2007	0.998	1.011	0.988	1.007	14181297	18195328.000
12/21/2007	1.004	1.018	0.997	1.017	17219339	22265736.000
12/24/2007	1.024	1.040	1.022	1.036	23690926	31105172.000
12/25/2007	1.040	1.045	1.029	1.040	24612644	32436136.000
12/26/2007	1.040	1.047	1.033	1.044	17587337	23222514.000
12/27/2007	1.048	1.059	1.041	1.059	23552772	31342904.000
12/28/2007	1.061	1.067	1.048	1.053	23359402	31275164.000
01/02/2008	1.062	1.064	1.047	1.063	17630326	23592456.000
01/03/2008	1.061	1.069	1.051	1.069	21905285	29310928.000
01/04/2008	1.073	1.083	1.066	1.082	23999884	32559172.000
01/07/2008	1.079	1.096	1.074	1.094	21118603	28871288.000
01/08/2008	1.098	1.120	1.086	1.103	34913113	48430524.000
01/09/2008	1.095	1.119	1.086	1.119	19550466	27145306.000
01/10/2008	1.121	1.129	1.114	1.125	26853754	37639224.000
01/11/2008	1.125	1.129	1.118	1.129	21390594	30020766.000
01/14/2008	1.131	1.146	1.129	1.145	19660561	27855500.000
01/15/2008	1.146	1.147	1.130	1.137	24937356	35416352.000
01/16/2008	1.128	1.128	1.102	1.102	34208052	47553988.000
01/17/2008	1.092	1.115	1.055	1.088	37776919	51435700.000
01/18/2008	1.086	1.100	1.075	1.096	16542320	22654234.000
01/21/2008	1.096	1.103	1.041	1.045	24992864	33719220.000
01/22/2008	1.037	1.037	0.940	0.953	40042752	50459600.000
01/23/2008	0.961	1.018	0.961	1.017	29543840	37631016.000
01/24/2008	1.031	1.042	1.011	1.032	20175913	26417478.000
01/25/2008	1.032	1.043	1.011	1.034	14565426	19114152.000
01/28/2008	1.030	1.030	0.972	0.977	21373259	27086548.000
01/29/2008	0.980	1.003	0.978	0.986	12876054	16336856.000
01/30/2008	1.001	1.010	0.971	0.986	14004780	17815808.000
01/31/2008	0.980	0.989	0.971	0.973	7619431	9582758.000
02/01/2008	0.974	0.985	0.930	0.955	13603171	16774999.000
02/04/2008	0.989	1.048	0.979	1.048	24745871	32253982.000
02/05/2008	1.045	1.049	1.020	1.032	16129933	21193950.000
02/13/2008	1.018	1.018	1.000	1.006	9277087	11978906.000
02/14/2008	1.012	1.030	1.010	1.017	6876309	8917311.000
02/15/2008	1.010	1.010	0.995	1.007	8214901	10523939.000
02/18/2008	1.020	1.033	1.018	1.024	12142527	15836640.000
02/19/2008	1.025	1.046	1.020	1.045	17219905	22613364.000
02/20/2008	1.045	1.048	1.023	1.024	12693436	16667087.000
02/21/2008	1.020	1.022	1.003	1.012	9183671	11860929.000
02/22/2008	1.005	1.008	0.979	0.984	13428775	17051664.000
02/25/2008	0.983	0.990	0.952	0.955	13594833	16920060.000
02/26/2008	0.980	0.990	0.946	0.962	14449737	17991812.000
02/27/2008	0.970	0.983	0.956	0.973	11327612	14207038.000
02/28/2008	0.973	0.974	0.960	0.968	4854339	6060359.000
02/29/2008	0.968	0.977	0.961	0.974	5905107	7395261.000
03/03/2008	0.966	0.997	0.959	0.993	11762223	14851062.000
03/04/2008	0.992	0.997	0.965	0.970	10985208	13863668.000
03/05/2008	0.968	0.975	0.948	0.962	8635890	10692576.000
03/06/2008	0.961	0.980	0.950	0.967	9360417	11681013.000
03/07/2008	0.958	0.965	0.951	0.955	6001747	7417582.500
03/10/2008	0.948	0.956	0.926	0.927	10694842	13002924.000
03/11/2008	0.920	0.920	0.904	0.919	8717422	10381629.000
03/12/2008	0.942	0.948	0.896	0.897	9628749	11481695.000
03/13/2008	0.886	0.900	0.863	0.877	24830417	28686194.000
03/14/2008	0.877	0.882	0.860	0.874	14597898	16789502.000
03/17/2008	0.872	0.872	0.836	0.838	14120044	15960615.000
03/18/2008	0.844	0.845	0.785	0.795	31767482	34767300.000
03/19/2008	0.812	0.853	0.812	0.841	19906709	22162432.000
03/20/2008	0.828	0.874	0.796	0.870	19053850	21271748.000
03/21/2008	0.866	0.875	0.852	0.867	12818645	14704014.000
03/24/2008	0.872	0.878	0.837	0.837	9715809	11039011.000
03/25/2008	0.829	0.850	0.820	0.846	10163681	11330232.000
03/26/2008	0.849	0.862	0.841	0.846	8391332	9495055.000
03/27/2008	0.835	0.838	0.822	0.824	12316037	13641763.000
03/28/2008	0.818	0.860	0.802	0.855	17366106	19394886.000
03/31/2008	0.840	0.848	0.828	0.836	7438025	8307815.500
04/01/2008	0.835	0.843	0.805	0.808	11275369	12366872.000
04/02/2008	0.820	0.835	0.796	0.805	13555545	14846398.000
04/03/2008	0.804	0.830	0.786	0.825	10026695	10906193.000
04/07/2008	0.820	0.861	0.806	0.860	16307709	18335958.000
04/08/2008	0.857	0.870	0.849	0.862	15581611	17791224.000
04/09/2008	0.857	0.862	0.830	0.831	7130157	8042888.500
04/10/2008	0.820	0.838	0.814	0.836	5672585	6283543.500
04/11/2008	0.841	0.849	0.838	0.843	5380642	6046717.500
04/14/2008	0.837	0.837	0.809	0.809	7893646	8650212.000
04/15/2008	0.804	0.819	0.789	0.810	6408749	6920993.000
04/16/2008	0.810	0.810	0.793	0.793	3282825	3541696.500
04/17/2008	0.798	0.805	0.770	0.774	5612499	5977658.000
04/18/2008	0.769	0.776	0.746	0.756	10718253	11121233.000
04/21/2008	0.808	0.828	0.756	0.764	12936174	13769175.000
04/22/2008	0.762	0.774	0.742	0.770	10233021	10582796.000
04/23/2008	0.763	0.805	0.762	0.803	16588007	17748286.000
04/24/2008	0.864	0.906	0.855	0.901	65227184	75856480.000
04/25/2008	0.871	0.893	0.868	0.872	30889327	35770224.000
04/28/2008	0.860	0.863	0.845	0.848	15672936	17767656.000
04/29/2008	0.846	0.863	0.840	0.858	12220171	13889335.000
04/30/2008	0.864	0.896	0.860	0.892	25929934	30186918.000
05/05/2008	0.902	0.907	0.890	0.899	21770858	25600518.000
05/06/2008	0.896	0.899	0.888	0.894	19178246	22485642.000
05/07/2008	0.889	0.895	0.857	0.857	12735964	14720333.000
05/08/2008	0.850	0.875	0.846	0.874	15807547	18010884.000
05/09/2008	0.879	0.885	0.856	0.869	13725010	15775543.000
05/12/2008	0.859	0.880	0.850	0.874	10091036	11555662.000
05/13/2008	0.857	0.871	0.847	0.865	14268315	16270108.000
05/14/2008	0.863	0.887	0.863	0.886	13586402	15730590.000
05/15/2008	0.892	0.899	0.884	0.885	16869723	19789024.000
05/16/2008	0.884	0.890	0.877	0.885	7417619	8635573.000
05/19/2008	0.884	0.884	0.871	0.880	6839218	7904777.000
05/20/2008	0.878	0.883	0.845	0.848	7073733	8071228.000
05/21/2008	0.840	0.859	0.821	0.858	8909473	9955400.000
05/22/2008	0.850	0.850	0.839	0.840	4387230	4927001.000
05/23/2008	0.836	0.845	0.824	0.835	4178946	4653032.000
05/26/2008	0.826	0.829	0.811	0.813	4448911	4877064.500
05/27/2008	0.816	0.819	0.802	0.810	3977351	4331969.000
05/28/2008	0.812	0.834	0.807	0.831	7333032	8059400.500
05/29/2008	0.829	0.830	0.811	0.812	5705423	6277023.500
05/30/2008	0.815	0.820	0.806	0.816	3068620	3354980.500
06/02/2008	0.808	0.818	0.803	0.816	3044640	3332838.500
06/03/2008	0.816	0.817	0.809	0.815	4280857	4679441.000
06/04/2008	0.810	0.810	0.795	0.801	2862346	3095042.750
06/05/2008	0.801	0.801	0.791	0.793	2173359	2336891.000
06/06/2008	0.795	0.797	0.786	0.788	1952934	2090891.875
06/10/2008	0.751	0.770	0.724	0.732	10439177	10631312.000
06/11/2008	0.728	0.736	0.716	0.723	7859376	7874277.000
06/12/2008	0.722	0.723	0.695	0.715	10566569	10438946.000
06/13/2008	0.711	0.719	0.702	0.705	12910170	12818369.000
06/16/2008	0.705	0.710	0.689	0.703	7070282	6931656.500
06/17/2008	0.698	0.708	0.683	0.688	5831948	5674966.000
06/18/2008	0.683	0.719	0.670	0.717	8110353	7953615.500
06/19/2008	0.710	0.710	0.678	0.687	14233468	13861268.000
06/20/2008	0.690	0.718	0.670	0.695	6482610	6338317.000
06/23/2008	0.689	0.689	0.676	0.682	3070341	2953612.000
06/24/2008	0.679	0.697	0.679	0.694	4292204	4162136.500
06/25/2008	0.694	0.718	0.684	0.716	8942749	8840784.000
06/26/2008	0.715	0.720	0.705	0.714	5512590	5482827.000
06/27/2008	0.697	0.701	0.684	0.691	3622702	3521584.500
06/30/2008	0.693	0.693	0.678	0.689	3766190	3641131.000
07/01/2008	0.689	0.690	0.672	0.677	3462829	3323133.500
07/02/2008	0.676	0.681	0.660	0.677	4306510	4100593.250
07/03/2008	0.661	0.691	0.655	0.681	4914238	4716201.500
07/04/2008	0.678	0.685	0.656	0.680	3546699	3397366.750
07/07/2008	0.679	0.707	0.675	0.701	7833227	7635954.000
07/08/2008	0.701	0.706	0.688	0.701	5431695	5316497.500
07/09/2008	0.704	0.721	0.703	0.721	12849989	12779916.000
07/10/2008	0.713	0.724	0.710	0.716	5538776	5519149.500
07/11/2008	0.715	0.715	0.705	0.711	2156717	2132189.250
07/14/2008	0.705	0.717	0.702	0.714	1953616	1935628.750
07/15/2008	0.714	0.719	0.690	0.693	5576181	5444031.500
07/16/2008	0.690	0.690	0.667	0.674	7518267	7178150.000
07/17/2008	0.681	0.691	0.671	0.673	4125493	3953663.500
07/18/2008	0.680	0.694	0.670	0.694	3917844	3779681.500
07/21/2008	0.689	0.708	0.682	0.706	5068762	4957807.500
07/22/2008	0.706	0.707	0.700	0.703	3322029	3268046.250
07/23/2008	0.708	0.712	0.699	0.700	2373873	2337223.750
07/24/2008	0.702	0.716	0.702	0.716	4529378	4496327.500
07/25/2008	0.706	0.715	0.703	0.712	3126650	3094056.750
07/28/2008	0.717	0.724	0.717	0.717	2605912	2605865.250
07/29/2008	0.711	0.711	0.701	0.708	2356055	2325750.500
07/30/2008	0.716	0.717	0.700	0.706	1728466	1706118.375
07/31/2008	0.706	0.709	0.693	0.693	1657923	1619330.500
08/01/2008	0.692	0.704	0.682	0.698	2130075	2071983.250
08/04/2008	0.693	0.697	0.688	0.689	1347812	1310921.375
08/05/2008	0.689	0.693	0.680	0.680	1373378	1325422.125
08/06/2008	0.684	0.690	0.680	0.690	3157159	3048388.500
08/07/2008	0.690	0.691	0.682	0.690	1889892	1827121.500
08/08/2008	0.684	0.689	0.661	0.680	3537103	3380389.500
08/11/2008	0.670	0.670	0.645	0.651	5386610	5032456.000
08/12/2008	0.645	0.651	0.631	0.649	4311315	3967858.250
08/13/2008	0.640	0.654	0.634	0.650	3029226	2794632.000
08/14/2008	0.643	0.653	0.643	0.651	1022583	949878.438
08/15/2008	0.647	0.652	0.643	0.649	1190645	1105926.375
08/18/2008	0.650	0.655	0.630	0.630	5111725	4690875.000
08/19/2008	0.623	0.638	0.623	0.637	2332390	2130138.500
08/20/2008	0.635	0.680	0.630	0.675	7131994	6746467.500
08/21/2008	0.667	0.668	0.650	0.655	3559175	3340343.750
08/22/2008	0.650	0.653	0.640	0.651	1973355	1827785.375
08/25/2008	0.648	0.657	0.641	0.648	2371784	2209884.000
08/26/2008	0.642	0.650	0.635	0.636	2244760	2062642.375
08/27/2008	0.636	0.643	0.630	0.637	1683705	1541504.125
08/28/2008	0.640	0.643	0.635	0.638	1121495	1029247.750
08/29/2008	0.642	0.654	0.636	0.645	2191973	2026999.000
09/01/2008	0.638	0.639	0.630	0.631	1478556	1350671.625
09/02/2008	0.633	0.634	0.626	0.628	1125424	1023723.500
09/03/2008	0.626	0.631	0.616	0.619	2261291	2036573.750
09/04/2008	0.618	0.622	0.615	0.618	1184113	1062940.125
09/05/2008	0.610	0.610	0.590	0.600	4877299	4294242.000
09/08/2008	0.601	0.606	0.590	0.595	3849100	3371755.750
09/09/2008	0.596	0.602	0.590	0.596	1588099	1388720.125
09/10/2008	0.595	0.603	0.586	0.596	1574075	1378432.875
09/11/2008	0.597	0.597	0.586	0.586	1341852	1166107.500
09/12/2008	0.584	0.588	0.580	0.583	1142614	987401.500
09/16/2008	0.578	0.578	0.550	0.554	11210427	9380466.000
09/17/2008	0.550	0.560	0.538	0.545	4057815	3352772.500
09/18/2008	0.530	0.544	0.512	0.540	8913703	7200124.000
09/19/2008	0.599	0.622	0.580	0.622	84155571	75010336.000
09/22/2008	0.616	0.679	0.586	0.612	47699689	43238780.000
09/23/2008	0.580	0.590	0.571	0.576	25602262	21984552.000
09/24/2008	0.565	0.580	0.551	0.580	9628201	8108662.000
09/25/2008	0.578	0.600	0.577	0.593	11962362	10390629.000
09/26/2008	0.594	0.600	0.582	0.595	9762118	8509829.000
10/06/2008	0.590	0.594	0.563	0.572	4481911	3842748.750
10/07/2008	0.546	0.571	0.545	0.564	5491615	4597263.000
10/08/2008	0.545	0.555	0.538	0.543	4690793	3864999.750
10/09/2008	0.548	0.555	0.538	0.541	5698128	4692568.500
10/10/2008	0.522	0.527	0.512	0.522	10782146	8609180.000
10/13/2008	0.520	0.539	0.512	0.539	5689789	4573526.000
10/14/2008	0.554	0.559	0.528	0.528	5377845	4429592.500
10/15/2008	0.526	0.527	0.520	0.526	3042042	2444507.250
10/16/2008	0.511	0.516	0.506	0.506	5314420	4198362.000
10/17/2008	0.510	0.526	0.505	0.510	4623121	3689519.500
10/20/2008	0.510	0.525	0.502	0.524	2752719	2187388.250
10/21/2008	0.524	0.529	0.519	0.520	2183272	1755818.500
10/22/2008	0.510	0.523	0.510	0.514	2402262	1909646.000
10/23/2008	0.508	0.516	0.502	0.515	1717867	1353450.125
10/24/2008	0.517	0.518	0.508	0.515	4644068	3675581.000
10/27/2008	0.493	0.506	0.474	0.479	3860030	2944170.000
10/28/2008	0.468	0.490	0.463	0.489	5634465	4276199.000
10/29/2008	0.493	0.494	0.479	0.479	2508378	1923866.000
10/30/2008	0.479	0.491	0.475	0.488	3961120	3030407.500
10/31/2008	0.489	0.490	0.480	0.482	1409922	1076177.875
11/03/2008	0.480	0.485	0.474	0.480	1241279	943539.125
11/04/2008	0.480	0.480	0.470	0.474	1792734	1350471.000
11/05/2008	0.480	0.495	0.478	0.487	3444909	2642287.000
11/06/2008	0.475	0.481	0.472	0.480	1381605	1044541.250
11/07/2008	0.476	0.487	0.472	0.486	2640338	2012226.000
11/10/2008	0.489	0.514	0.489	0.513	6312679	4960772.000
11/11/2008	0.508	0.512	0.502	0.504	3401999	2679690.250
11/12/2008	0.500	0.509	0.500	0.507	1695591	1329706.000
11/13/2008	0.504	0.525	0.499	0.522	4577589	3636648.250
11/14/2008	0.523	0.533	0.519	0.533	9843722	7942018.000
11/17/2008	0.535	0.547	0.525	0.546	18574428	15125843.000
11/18/2008	0.535	0.540	0.508	0.511	7325900	5893534.000
11/19/2008	0.508	0.545	0.508	0.543	6710177	5412752.000
11/20/2008	0.528	0.531	0.521	0.526	9582585	7698890.000
11/21/2008	0.516	0.529	0.505	0.523	5022599	4022448.500
11/24/2008	0.522	0.522	0.507	0.507	1576947	1251058.000
11/25/2008	0.512	0.520	0.501	0.508	1248008	986559.000
11/26/2008	0.506	0.517	0.506	0.510	524094	413743.188
11/27/2008	0.538	0.560	0.517	0.518	5790479	4722788.500
11/28/2008	0.514	0.514	0.498	0.501	2864995	2244626.000
12/01/2008	0.498	0.514	0.498	0.507	1546815	1210348.750
12/02/2008	0.506	0.507	0.495	0.507	2247381	1761496.250
12/03/2008	0.510	0.526	0.510	0.526	5168482	4131078.000
12/04/2008	0.529	0.545	0.529	0.534	7307412	5979217.000
12/05/2008	0.532	0.542	0.530	0.542	3530283	2883359.500
12/08/2008	0.545	0.558	0.540	0.558	6460314	5386781.000
12/09/2008	0.561	0.561	0.546	0.549	6265140	5231226.500
12/10/2008	0.546	0.560	0.544	0.560	5265157	4384639.000
12/11/2008	0.560	0.561	0.550	0.550	3498230	2918802.500
12/12/2008	0.543	0.545	0.528	0.533	3307763	2702937.000
12/15/2008	0.535	0.540	0.530	0.534	1812379	1474670.875
12/16/2008	0.533	0.539	0.523	0.537	1423153	1152167.500
12/17/2008	0.539	0.546	0.539	0.542	2089067	1718073.125
12/18/2008	0.542	0.550	0.538	0.550	2772854	2288974.500
12/19/2008	0.550	0.558	0.550	0.556	2562558	2140221.250
12/22/2008	0.562	0.562	0.547	0.549	2599555	2054462.500
12/23/2008	0.552	0.553	0.533	0.533	2222703	1733469.875
12/24/2008	0.532	0.532	0.522	0.527	2432758	1862797.375
12/25/2008	0.532	0.532	0.522	0.524	2142380	1638196.000
12/26/2008	0.524	0.527	0.523	0.523	735000	560770.250
12/29/2008	0.522	0.531	0.515	0.523	1645050	1254184.375
12/30/2008	0.523	0.530	0.520	0.520	736500	561836.125
12/31/2008	0.523	0.532	0.520	0.532	2651200	2028553.250
01/05/2009	0.532	0.532	0.522	0.532	1580909	1210682.625
01/06/2009	0.531	0.546	0.528	0.545	2441170	1896886.250
01/07/2009	0.545	0.548	0.543	0.543	1648868	1290856.875
01/08/2009	0.540	0.540	0.530	0.535	1127601	870297.000
01/09/2009	0.535	0.547	0.535	0.545	1121788	875152.813
01/12/2009	0.545	0.547	0.538	0.546	1539295	1205226.750
01/13/2009	0.545	0.545	0.533	0.535	995900	771795.313
01/14/2009	0.533	0.550	0.532	0.549	1813462	1414918.875
01/15/2009	0.547	0.553	0.542	0.549	2626112	2067233.750
01/16/2009	0.549	0.567	0.549	0.559	3534542	2823810.750
01/19/2009	0.560	0.572	0.560	0.564	3168996	2549192.250
01/20/2009	0.562	0.570	0.558	0.568	1975546	1583395.375
01/21/2009	0.567	0.574	0.560	0.571	2931648	2369191.000
01/22/2009	0.573	0.577	0.570	0.577	2515802	2045189.500
01/23/2009	0.574	0.581	0.574	0.577	1999116	1631243.000
02/02/2009	0.579	0.584	0.576	0.580	1740168	1424162.250
02/03/2009	0.580	0.590	0.578	0.589	2580525	2125459.750
02/04/2009	0.589	0.601	0.589	0.601	5865173	4895634.500
02/05/2009	0.602	0.610	0.592	0.599	7972941	6704370.500
02/06/2009	0.599	0.616	0.597	0.616	5924008	5018523.000
02/09/2009	0.621	0.628	0.621	0.628	6849547	5905497.500
02/10/2009	0.625	0.634	0.619	0.634	5709608	4936892.000
02/11/2009	0.626	0.641	0.625	0.634	7788209	6765655.000
02/12/2009	0.632	0.635	0.612	0.628	5728606	4937541.000
02/13/2009	0.628	0.662	0.623	0.653	10677072	9376145.000
02/16/2009	0.649	0.666	0.647	0.666	10261457	9174742.000
02/17/2009	0.667	0.667	0.650	0.652	7336991	6576869.000
02/18/2009	0.636	0.644	0.620	0.621	5241480	4551238.000
02/19/2009	0.621	0.636	0.619	0.624	3402196	2927097.750
02/20/2009	0.622	0.635	0.620	0.635	3201585	2766178.750
02/23/2009	0.632	0.652	0.626	0.651	5016717	4405150.500
02/24/2009	0.646	0.647	0.622	0.622	5121034	4457906.000
02/25/2009	0.628	0.631	0.601	0.623	4365720	3726181.750
02/26/2009	0.614	0.629	0.588	0.598	5774615	4902957.500
02/27/2009	0.593	0.599	0.586	0.591	3929514	3262010.000
03/02/2009	0.589	0.600	0.585	0.598	1970300	1634444.250
03/03/2009	0.587	0.596	0.583	0.594	1453035	1202092.000
03/04/2009	0.594	0.630	0.594	0.630	4890799	4157095.750
03/05/2009	0.632	0.641	0.616	0.633	6117901	5320302.500
03/06/2009	0.622	0.633	0.620	0.628	3689949	3189565.500
03/09/2009	0.629	0.638	0.608	0.610	4173835	3591859.000
03/10/2009	0.607	0.616	0.602	0.616	2313873	1957475.875
03/11/2009	0.628	0.631	0.609	0.613	1801058	1549477.000
03/12/2009	0.610	0.613	0.602	0.610	1913786	1616545.625
03/13/2009	0.611	0.616	0.605	0.608	1517864	1288724.625
03/16/2009	0.607	0.614	0.602	0.613	1742829	1477423.625
03/17/2009	0.613	0.636	0.612	0.634	3985184	3439696.000
03/18/2009	0.634	0.645	0.634	0.638	4321417	3793956.250
03/19/2009	0.638	0.651	0.635	0.650	3927659	3465232.000
03/20/2009	0.650	0.654	0.639	0.649	4460116	3951343.250
03/23/2009	0.649	0.664	0.649	0.664	6468336	5806021.500
03/24/2009	0.668	0.675	0.662	0.666	5314426	4814392.500
03/25/2009	0.666	0.667	0.652	0.652	5357864	4824001.500
03/26/2009	0.652	0.669	0.648	0.668	4341427	3897235.750
03/27/2009	0.672	0.678	0.668	0.675	5460903	4986066.500
03/30/2009	0.673	0.679	0.670	0.675	2477836	2259553.750
03/31/2009	0.655	0.680	0.655	0.680	3853883	3499602.750
04/01/2009	0.681	0.695	0.681	0.693	6035155	5600967.500
04/02/2009	0.695	0.706	0.694	0.701	5090418	4784164.500
04/03/2009	0.708	0.711	0.697	0.704	6690762	6315500.500
04/07/2009	0.704	0.711	0.699	0.707	3622404	3418292.500
04/08/2009	0.707	0.707	0.686	0.686	4283479	3993425.000
04/09/2009	0.685	0.690	0.676	0.690	3241329	2993097.750
04/10/2009	0.697	0.711	0.694	0.711	6161776	5811643.000
04/13/2009	0.714	0.727	0.714	0.727	8579879	8235734.000
04/14/2009	0.728	0.731	0.722	0.730	7229810	6974459.500
04/15/2009	0.730	0.736	0.720	0.736	5285708	5113795.500
04/16/2009	0.736	0.743	0.727	0.741	4872792	4755139.500
04/17/2009	0.738	0.741	0.724	0.733	3372551	3274531.250
04/20/2009	0.732	0.750	0.728	0.749	5203957	5082881.000
04/21/2009	0.745	0.745	0.733	0.741	3896744	3809094.000
04/22/2009	0.741	0.749	0.711	0.724	5905907	5734182.500
04/23/2009	0.712	0.723	0.708	0.720	4516937	4296489.500
04/24/2009	0.720	0.726	0.713	0.714	2510195	2405966.750
04/27/2009	0.706	0.712	0.697	0.700	2674763	2511699.750
04/28/2009	0.693	0.705	0.692	0.704	1800567	1688867.250
04/29/2009	0.703	0.728	0.703	0.727	2695713	2576653.500
04/30/2009	0.732	0.734	0.725	0.729	2431791	2354466.000
05/04/2009	0.732	0.751	0.732	0.751	5591502	5495450.000
05/05/2009	0.755	0.759	0.747	0.753	4073476	4037679.250
05/06/2009	0.753	0.762	0.746	0.761	7487914	7449736.000
05/07/2009	0.763	0.769	0.753	0.766	5821833	5824758.500
05/08/2009	0.763	0.776	0.759	0.776	10102748	10178963.000
05/11/2009	0.779	0.786	0.762	0.763	6441254	6540663.500
05/12/2009	0.753	0.779	0.753	0.776	4633314	4647067.000
05/13/2009	0.779	0.788	0.775	0.787	5131741	5241542.500
05/14/2009	0.782	0.785	0.772	0.782	4425690	4495989.000
05/15/2009	0.783	0.790	0.780	0.785	2424075	2476768.250
05/18/2009	0.784	0.793	0.775	0.793	3009124	3070247.250
05/19/2009	0.795	0.802	0.795	0.801	3229060	3353095.000
05/20/2009	0.801	0.804	0.794	0.798	2984957	3093645.250
05/21/2009	0.791	0.796	0.781	0.782	5302831	5430244.000
05/22/2009	0.776	0.782	0.772	0.774	5222847	5291150.000
05/25/2009	0.767	0.779	0.747	0.777	3388009	3396824.500
05/26/2009	0.776	0.781	0.771	0.771	2564000	2594222.500
05/27/2009	0.775	0.780	0.770	0.780	2652519	2688476.500
06/01/2009	0.783	0.802	0.783	0.801	4636334	4789612.500
06/02/2009	0.803	0.810	0.803	0.804	7369227	7694074.500
06/03/2009	0.806	0.827	0.805	0.826	9796389	10335101.000
06/04/2009	0.826	0.835	0.813	0.835	6712696	7151472.500
06/05/2009	0.835	0.841	0.832	0.837	5522376	5942057.000
06/08/2009	0.837	0.846	0.827	0.842	5891903	6346382.500
06/09/2009	0.844	0.846	0.830	0.845	4539079	4886137.500
06/10/2009	0.851	0.854	0.847	0.854	5073838	5527611.000
06/11/2009	0.852	0.859	0.849	0.853	4388877	4790797.000
06/12/2009	0.849	0.854	0.832	0.836	6089595	6590762.000
06/15/2009	0.835	0.853	0.831	0.852	4076680	4401933.000
06/16/2009	0.846	0.856	0.845	0.852	3583120	3901653.500
06/17/2009	0.849	0.867	0.844	0.865	3946896	4312441.000
06/18/2009	0.869	0.880	0.869	0.880	5263680	5871382.000
06/19/2009	0.881	0.889	0.881	0.889	4889810	5495180.000
06/22/2009	0.897	0.902	0.895	0.896	6254305	7108450.500
06/23/2009	0.886	0.902	0.883	0.895	6401515	7234513.000
06/24/2009	0.895	0.897	0.889	0.895	3559202	4026052.500
06/25/2009	0.897	0.900	0.892	0.894	4064606	4611423.000
06/26/2009	0.894	0.900	0.891	0.896	3809824	4316512.500
06/29/2009	0.894	0.908	0.893	0.908	7944109	9051524.000
06/30/2009	0.908	0.911	0.901	0.904	3543420	4053990.500
07/01/2009	0.903	0.917	0.898	0.917	8088225	9290342.000
07/02/2009	0.920	0.927	0.918	0.925	6224830	7227759.500
07/03/2009	0.922	0.938	0.919	0.938	6587037	7682769.500
07/06/2009	0.940	0.954	0.940	0.950	9922808	11757525.000
07/07/2009	0.952	0.958	0.942	0.948	8425573	10007705.000
07/08/2009	0.942	0.948	0.925	0.947	9130701	10738080.000
07/09/2009	0.947	0.957	0.942	0.956	6191413	7361487.500
07/10/2009	0.957	0.961	0.952	0.957	6651365	7946530.000
07/13/2009	0.956	0.956	0.947	0.949	4502999	5357222.000
07/14/2009	0.946	0.963	0.946	0.963	8677295	10373087.000
07/15/2009	0.965	0.971	0.965	0.970	5356861	6465324.500
07/16/2009	0.972	0.977	0.969	0.970	8430488	10204623.000
07/17/2009	0.970	0.972	0.962	0.971	5339630	6438287.000
07/20/2009	0.972	0.983	0.966	0.983	14334310	17396470.000
07/21/2009	0.982	0.985	0.972	0.972	8201397	9978254.000
07/22/2009	0.972	0.988	0.972	0.987	10218170	12470271.000
07/23/2009	0.992	1.010	0.989	1.008	8460447	10479436.000
07/24/2009	1.013	1.022	1.000	1.016	8543164	10687984.000
07/27/2009	1.019	1.032	1.019	1.032	8074085	10203599.000
07/28/2009	1.031	1.037	1.025	1.033	6573631	8331583.000
07/29/2009	1.033	1.037	0.948	0.990	14146600	17629338.000
07/30/2009	0.986	1.011	0.964	1.002	13214533	16251651.000
07/31/2009	1.010	1.028	1.003	1.028	8092099	10145407.000
08/03/2009	1.032	1.037	1.024	1.036	9653306	12266983.000
08/04/2009	1.040	1.042	1.023	1.038	7599730	9674434.000
08/05/2009	1.040	1.042	1.025	1.036	7332512	9329867.000
08/06/2009	1.032	1.036	1.003	1.022	8186813	10269345.000
08/07/2009	1.021	1.023	0.986	0.990	10199295	12658370.000
08/10/2009	0.991	1.007	0.971	0.987	8904850	10902896.000
08/11/2009	0.992	1.000	0.984	0.998	4624272	5688430.000
08/12/2009	0.994	0.994	0.949	0.951	8200050	9872844.000
08/13/2009	0.952	0.972	0.935	0.968	7218617	8588538.000
08/14/2009	0.965	0.966	0.940	0.943	6926971	8222237.000
08/17/2009	0.930	0.932	0.895	0.895	8689871	9987284.000
08/18/2009	0.891	0.916	0.881	0.907	6700050	6966451.500
08/19/2009	0.907	0.911	0.883	0.883	6791929	7023624.500
08/20/2009	0.884	0.915	0.884	0.915	6650463	6890360.500
08/21/2009	0.916	0.932	0.906	0.929	6700230	7115466.000
08/24/2009	0.929	0.934	0.922	0.932	4510581	4815961.500
08/25/2009	0.932	0.932	0.903	0.918	6231735	6565367.500
08/26/2009	0.918	0.934	0.907	0.930	3689853	3939102.250
08/27/2009	0.930	0.936	0.920	0.928	2292700	2447181.250
08/28/2009	0.928	0.929	0.905	0.909	4790500	5044802.000
08/31/2009	0.908	0.908	0.860	0.862	8307905	8430667.000
09/01/2009	0.860	0.887	0.843	0.864	3887540	3911451.750
09/02/2009	0.872	0.872	0.851	0.859	3739651	3731491.000
09/03/2009	0.862	0.894	0.861	0.893	4940501	5043938.000
09/04/2009	0.895	0.902	0.892	0.895	3434836	3551215.250
09/07/2009	0.897	0.911	0.897	0.904	5045456	5263917.000
09/08/2009	0.904	0.907	0.887	0.907	3339054	3468261.750
09/09/2009	0.907	0.912	0.900	0.907	2677451	2794284.750
09/10/2009	0.907	0.907	0.900	0.902	2060362	2142121.000
09/11/2009	0.900	0.917	0.900	0.917	4146764	4352670.000
09/14/2009	0.918	0.931	0.915	0.931	5926341	6297400.000
09/15/2009	0.932	0.937	0.925	0.934	6757363	7232584.500
09/16/2009	0.932	0.932	0.913	0.922	4916375	5214722.500
09/17/2009	0.922	0.938	0.922	0.938	5186698	5568389.500
09/18/2009	0.939	0.943	0.918	0.924	5711813	6102592.000
09/21/2009	0.920	0.922	0.902	0.921	4137788	4337798.500
09/22/2009	0.921	0.927	0.902	0.909	2541962	2677082.250
09/23/2009	0.902	0.920	0.892	0.894	3020516	3145620.250
09/24/2009	0.893	0.904	0.880	0.896	3145536	3226318.500
09/25/2009	0.892	0.892	0.882	0.888	2120955	2173578.000
09/28/2009	0.886	0.895	0.877	0.877	2604072	2664890.750
09/29/2009	0.877	0.887	0.863	0.876	2948781	2977583.000
09/30/2009	0.876	0.892	0.876	0.880	2541500	2597219.500
10/09/2009	0.890	0.911	0.890	0.910	3465615	3604627.750
10/12/2009	0.912	0.912	0.902	0.906	2482479	2598127.250
10/13/2009	0.906	0.911	0.906	0.911	1791741	1875298.875
10/14/2009	0.912	0.927	0.911	0.921	3290434	3484695.250
10/15/2009	0.922	0.931	0.920	0.920	2898048	3078944.000
10/16/2009	0.921	0.926	0.912	0.920	2611674	2752395.750
10/19/2009	0.923	0.938	0.919	0.936	5523007	5900588.000
10/20/2009	0.939	0.949	0.939	0.948	5576437	6035763.000
10/21/2009	0.946	0.953	0.942	0.947	5612482	6096490.500
10/22/2009	0.943	0.945	0.934	0.940	3601038	3883551.750
10/23/2009	0.940	0.958	0.940	0.954	6579515	7173556.000
10/26/2009	0.955	0.959	0.950	0.957	5792832	6328035.000
10/27/2009	0.954	0.954	0.942	0.942	5901887	6394231.000
10/28/2009	0.940	0.944	0.927	0.943	4771476	5128933.500
10/29/2009	0.928	0.934	0.922	0.925	3257666	3469937.750
10/30/2009	0.931	0.947	0.930	0.937	3767687	4057489.000
11/02/2009	0.922	0.964	0.918	0.964	9118274	9920662.000
11/03/2009	0.965	0.974	0.961	0.972	8839936	9801477.000
11/04/2009	0.972	0.980	0.966	0.979	5240132	5834686.500
11/05/2009	0.979	0.985	0.974	0.984	4845665	5416562.000
11/06/2009	0.987	0.994	0.986	0.990	5246813	5921433.000
11/09/2009	0.989	0.989	0.980	0.989	3176699	3567625.750
11/10/2009	0.992	0.997	0.991	0.995	7521263	8520377.000
11/11/2009	0.993	0.995	0.985	0.992	4330112	4884503.000
11/12/2009	0.992	0.999	0.990	0.992	3680570	4169854.750
11/13/2009	0.993	0.996	0.983	0.994	5145786	5796206.000
11/16/2009	0.996	1.025	0.996	1.024	9861916	11372823.000
11/17/2009	1.027	1.032	1.024	1.027	6206359	7235426.500
11/18/2009	1.026	1.030	1.023	1.025	3996643	4651183.000
11/19/2009	1.025	1.032	1.023	1.029	4069937	4740292.500
11/20/2009	1.028	1.030	1.021	1.028	4869258	5661472.500
11/23/2009	1.024	1.032	1.022	1.032	5352524	6232765.500
11/24/2009	1.032	1.038	0.996	1.006	10306158	11951685.000
11/25/2009	1.002	1.025	0.995	1.024	7778936	8889860.000
11/26/2009	1.023	1.027	0.987	0.989	8191557	9323125.000
11/27/2009	0.986	0.988	0.963	0.967	8801928	9771064.000
11/30/2009	0.967	0.998	0.967	0.998	7189186	8090727.500
12/01/2009	1.001	1.017	0.992	1.015	5956951	6806085.500
12/02/2009	1.016	1.025	1.014	1.023	5817544	6742129.500
12/03/2009	1.019	1.024	1.012	1.022	3512984	4064102.750
12/04/2009	1.018	1.037	1.009	1.034	9263191	10782563.000
12/07/2009	1.034	1.037	1.028	1.035	5692948	6664179.500
12/08/2009	1.034	1.036	1.018	1.024	4780764	5569794.000
12/09/2009	1.021	1.021	1.010	1.012	3729706	4297052.000
12/10/2009	1.013	1.024	1.012	1.018	2839976	3277948.500
12/11/2009	1.018	1.024	1.014	1.018	3026527	3502763.250
12/14/2009	1.015	1.028	1.000	1.027	5541531	6385476.000
12/15/2009	1.030	1.030	1.018	1.023	2244327	2605449.250
12/16/2009	1.023	1.027	1.015	1.019	2164081	2506729.000
12/17/2009	1.014	1.022	0.997	0.998	3219889	3673908.750
12/18/2009	0.992	0.998	0.982	0.982	5982836	6720900.500
12/21/2009	0.981	0.982	0.972	0.978	2735661	3053403.500
12/22/2009	0.978	0.981	0.965	0.968	2889418	3206119.500
12/23/2009	0.966	0.983	0.965	0.972	1949660	2161620.750
12/24/2009	0.972	0.994	0.972	0.992	3408542	3832713.750
12/25/2009	0.992	0.996	0.984	0.992	2874849	3245922.250
12/28/2009	0.995	1.007	0.992	1.005	3946502	4502635.000
12/29/2009	1.006	1.010	0.997	1.009	2978337	3403476.000
12/30/2009	1.009	1.022	1.006	1.022	6428958	7415972.000
12/31/2009	1.022	1.028	1.017	1.027	7242718	8417486.000
01/04/2010	1.035	1.035	1.020	1.020	4239990	4933710.500
01/05/2010	1.024	1.032	1.014	1.030	5939182	6912090.000
01/06/2010	1.027	1.033	1.023	1.026	3739624	4362660.000
01/07/2010	1.026	1.026	0.998	1.007	4398702	5062379.000
01/08/2010	1.007	1.007	0.994	1.005	3031814	3448238.500
01/11/2010	1.022	1.046	1.013	1.014	4535689	5266745.500
01/12/2010	1.012	1.025	1.002	1.022	3612739	4173315.000
01/13/2010	1.013	1.017	1.004	1.009	4307742	4945221.000
01/14/2010	1.009	1.017	1.006	1.015	3095735	3563105.000
01/15/2010	1.017	1.024	1.013	1.022	3123843	3613136.250
01/18/2010	1.020	1.023	1.013	1.023	3045271	3523675.250
01/19/2010	1.023	1.026	1.020	1.023	5815247	6748882.000
01/20/2010	1.023	1.023	0.997	1.000	4394425	5026053.000
01/21/2010	1.000	1.009	0.994	0.999	2757645	3133106.500
01/22/2010	0.997	0.997	0.980	0.991	4189458	4709704.500
01/25/2010	0.985	0.992	0.979	0.983	2268507	2550076.250
01/26/2010	0.982	0.991	0.963	0.967	3685769	4089699.000
01/27/2010	0.967	0.970	0.957	0.958	3767511	4145725.000
01/28/2010	0.957	0.962	0.943	0.953	2665227	2907351.500
01/29/2010	0.953	0.958	0.944	0.953	2842317	3099029.000
02/01/2010	0.958	0.958	0.932	0.938	2668645	2873296.500
02/02/2010	0.942	0.951	0.940	0.940	1314000	1426130.375
02/03/2010	0.950	0.959	0.931	0.957	1963082	2125712.500
02/04/2010	0.952	0.955	0.944	0.950	1507785	1641251.125
02/05/2010	0.942	0.952	0.932	0.940	1564840	1687108.250
02/08/2010	0.940	0.943	0.935	0.939	597170	643310.125
02/09/2010	0.939	0.943	0.939	0.941	796330	859696.125
02/10/2010	0.947	0.950	0.942	0.949	1282976	1389761.500
02/11/2010	0.949	0.957	0.945	0.953	1340952	1463415.750
02/12/2010	0.955	0.963	0.953	0.963	1706687	1873943.250
02/22/2010	0.963	0.972	0.957	0.959	871300	959347.313
02/23/2010	0.958	0.961	0.939	0.946	1526900	1654957.250
02/24/2010	0.946	0.960	0.943	0.959	1138609	1238912.625
02/25/2010	0.959	0.973	0.959	0.972	2230300	2470789.000
02/26/2010	0.972	0.972	0.962	0.964	1694514	1872695.125
03/01/2010	0.964	0.975	0.964	0.974	3513832	3897218.750
03/02/2010	0.974	0.976	0.968	0.970	1641813	1822341.875
03/03/2010	0.970	0.975	0.968	0.975	1735653	1926296.250
03/04/2010	0.977	0.977	0.955	0.958	3639926	4026448.000
03/05/2010	0.954	0.962	0.952	0.956	2041800	2233267.750
03/08/2010	0.954	0.962	0.953	0.959	1006700	1104192.250
03/09/2010	0.960	0.967	0.954	0.966	2120577	2334684.750
03/10/2010	0.963	0.968	0.958	0.961	1239615	1365774.625
03/11/2010	0.964	0.966	0.954	0.959	919806	1011438.250
03/12/2010	0.959	0.962	0.949	0.950	1740170	1898839.000
03/15/2010	0.947	0.950	0.935	0.937	1968085	2119064.750
03/16/2010	0.936	0.941	0.934	0.941	1554900	1671117.125
03/17/2010	0.942	0.957	0.942	0.957	2644835	2877309.250
03/18/2010	0.955	0.964	0.954	0.957	1770482	1943688.375
03/19/2010	0.962	0.963	0.954	0.960	1961350	2151039.500
03/22/2010	0.960	0.964	0.956	0.962	1818783	1998021.875
03/23/2010	0.964	0.964	0.956	0.958	840131	921719.688
03/24/2010	0.961	0.962	0.955	0.958	953921	1045682.625
03/25/2010	0.958	0.958	0.946	0.948	1090936	1185671.375
03/26/2010	0.944	0.962	0.944	0.960	1867724	2044299.000
03/29/2010	0.964	0.980	0.964	0.979	6536836	7268221.500
03/30/2010	0.983	0.983	0.973	0.982	2542562	2840316.500
03/31/2010	0.982	0.982	0.973	0.975	1130494	1259805.250
04/01/2010	0.977	0.989	0.977	0.988	4998749	5612831.500
04/02/2010	0.990	0.993	0.986	0.992	3828838	4316735.500
04/06/2010	0.992	0.996	0.984	0.992	3278562	3700739.250
04/07/2010	0.987	0.991	0.982	0.985	2499484	2808056.250
04/08/2010	0.985	0.985	0.974	0.979	2274600	2542984.250
04/09/2010	0.979	0.990	0.979	0.989	2852913	3206097.500
04/12/2010	0.991	0.995	0.980	0.989	3727092	4196209.500
04/13/2010	0.989	0.998	0.982	0.998	7093088	8030301.000
04/14/2010	0.999	1.003	0.994	1.002	3627055	4125982.250
04/15/2010	1.002	1.005	0.994	1.003	2780662	3164240.500
04/16/2010	1.001	1.001	0.989	0.994	2277123	2578064.500
04/19/2010	0.984	0.984	0.958	0.960	4752987	5284935.500
04/20/2010	0.959	0.960	0.943	0.959	3324829	3626898.000
04/21/2010	0.959	0.978	0.959	0.978	3804725	4215732.000
04/22/2010	0.977	0.977	0.965	0.971	2072582	2297492.750
04/23/2010	0.972	0.972	0.962	0.964	1582667	1746782.875
04/26/2010	0.963	0.964	0.959	0.960	1692657	1860936.250
04/27/2010	0.959	0.961	0.935	0.949	2755223	2984856.250
04/28/2010	0.946	0.949	0.940	0.949	1865707	2016427.625
04/29/2010	0.949	0.958	0.943	0.943	1579599	1720537.500
04/30/2010	0.934	0.942	0.933	0.937	2573001	2762471.500
05/04/2010	0.937	0.937	0.930	0.931	1470605	1572677.875
05/05/2010	0.932	0.937	0.912	0.937	1413385	1503515.375
05/06/2010	0.937	0.937	0.917	0.917	1605008	1702895.250
05/07/2010	0.907	0.917	0.896	0.904	1557896	1628472.750
05/10/2010	0.902	0.912	0.900	0.905	1510499	1574223.750
05/11/2010	0.922	0.925	0.892	0.892	1936103	2023273.125
05/12/2010	0.889	0.899	0.880	0.886	1619682	1659709.875
05/13/2010	0.887	0.896	0.883	0.896	1979652	2034760.875
05/14/2010	0.896	0.897	0.887	0.895	927128	955766.938
05/17/2010	0.895	0.895	0.873	0.874	1672323	1702186.125
05/18/2010	0.872	0.880	0.866	0.877	1500579	1518178.375
05/19/2010	0.876	0.881	0.870	0.874	913648	926692.750
05/20/2010	0.877	0.879	0.869	0.869	979400	989459.188
05/21/2010	0.862	0.872	0.854	0.872	1325321	1327092.500
05/24/2010	0.876	0.901	0.874	0.893	4666748	4800445.500
05/25/2010	0.887	0.888	0.873	0.880	1607956	1637147.875
05/26/2010	0.886	0.892	0.874	0.878	798640	813328.188
05/27/2010	0.878	0.887	0.871	0.885	9476312	9667683.000
05/28/2010	0.890	0.895	0.885	0.889	2931133	3013527.250
05/31/2010	0.883	0.891	0.874	0.875	1292003	1318476.500
06/01/2010	0.874	0.877	0.862	0.867	2387854	2399610.250
06/02/2010	0.866	0.869	0.857	0.869	1883878	1884014.375
06/03/2010	0.871	0.875	0.867	0.867	1344596	1355895.875
06/04/2010	0.867	0.867	0.861	0.867	1020794	1022754.125
06/07/2010	0.862	0.862	0.856	0.861	1272538	1269105.750
06/08/2010	0.861	0.865	0.859	0.862	868396	868499.188
06/09/2010	0.864	0.886	0.862	0.886	1913167	1933846.625
06/10/2010	0.875	0.887	0.873	0.886	2162456	2204164.500
06/11/2010	0.886	0.886	0.879	0.880	1195046	1218954.250
06/17/2010	0.882	0.884	0.875	0.876	587769	597341.250
06/18/2010	0.876	0.876	0.860	0.860	1294036	1296408.000
06/21/2010	0.862	0.874	0.858	0.874	1400478	1410240.875
06/22/2010	0.874	0.874	0.868	0.869	564964	569773.313
06/23/2010	0.863	0.869	0.862	0.865	679931	681019.188
06/24/2010	0.865	0.868	0.859	0.862	623285	623174.375
06/25/2010	0.862	0.862	0.859	0.860	747733	746460.375
06/28/2010	0.860	0.865	0.859	0.861	340873	340288.938
06/29/2010	0.858	0.864	0.837	0.838	1756775	1733518.500
06/30/2010	0.838	0.840	0.819	0.826	1204004	1158029.125
07/01/2010	0.824	0.832	0.819	0.819	751500	723601.625
07/02/2010	0.820	0.820	0.803	0.815	1186298	1124721.375
07/05/2010	0.815	0.815	0.805	0.811	450000	427021.125
07/06/2010	0.812	0.819	0.812	0.817	415018	396028.063
07/07/2010	0.817	0.819	0.814	0.818	565271	538867.438
07/08/2010	0.818	0.823	0.817	0.819	630264	603322.813
07/09/2010	0.817	0.839	0.817	0.837	996811	962203.938
07/12/2010	0.837	0.844	0.828	0.842	740500	723723.250
07/13/2010	0.842	0.842	0.825	0.833	1001891	971422.500
07/14/2010	0.846	0.846	0.834	0.840	702200	685801.000
07/15/2010	0.832	0.843	0.829	0.830	551001	536820.563
07/16/2010	0.830	0.842	0.826	0.830	442347	428407.094
07/19/2010	0.825	0.844	0.823	0.842	826399	806625.750
07/20/2010	0.844	0.858	0.844	0.858	1867293	1851396.500
07/21/2010	0.858	0.866	0.857	0.861	1487454	1486759.500
07/22/2010	0.861	0.870	0.859	0.870	2398875	2404307.500
07/23/2010	0.870	0.878	0.868	0.874	2002781	2024968.500
07/26/2010	0.875	0.881	0.868	0.880	1746036	1771932.250
07/27/2010	0.875	0.880	0.872	0.878	1196706	1213541.875
07/28/2010	0.878	0.894	0.872	0.893	2513101	2575211.000
07/29/2010	0.897	0.899	0.888	0.898	2004764	2073316.750
07/30/2010	0.893	0.896	0.888	0.894	981858	1011858.313
08/02/2010	0.893	0.905	0.893	0.905	2135046	2216709.000
08/03/2010	0.906	0.910	0.897	0.897	2225005	2317580.000
08/04/2010	0.894	0.896	0.882	0.895	1592394	1637859.750
08/05/2010	0.892	0.894	0.887	0.891	901833	927571.563
08/06/2010	0.886	0.905	0.885	0.903	1486759	1538425.375
08/09/2010	0.903	0.912	0.900	0.912	1948872	2036425.125
08/10/2010	0.911	0.911	0.889	0.890	1409978	1463245.750
08/11/2010	0.888	0.899	0.884	0.890	1083743	1112543.500
08/12/2010	0.873	0.889	0.873	0.880	1351775	1382250.375
08/13/2010	0.878	0.889	0.877	0.889	1619994	1653568.125
08/16/2010	0.887	0.907	0.886	0.905	2952541	3068937.000
08/17/2010	0.904	0.913	0.904	0.913	3261125	3416729.750
08/18/2010	0.913	0.916	0.904	0.910	1700866	1784619.625
08/19/2010	0.906	0.916	0.905	0.913	1950915	2046976.625
08/20/2010	0.902	0.909	0.900	0.901	2715263	2835630.250
08/23/2010	0.901	0.905	0.894	0.897	808393	836560.125
08/24/2010	0.894	0.905	0.892	0.901	1650228	1711934.250
08/25/2010	0.894	0.900	0.888	0.888	1383747	1426042.875
08/26/2010	0.888	0.892	0.886	0.890	1042079	1069379.875
08/27/2010	0.885	0.894	0.885	0.894	792497	814783.188
08/30/2010	0.896	0.911	0.895	0.911	2173186	2268623.750
08/31/2010	0.910	0.914	0.904	0.912	1459984	1531119.375
09/01/2010	0.913	0.919	0.903	0.905	2824113	2968589.250
09/02/2010	0.913	0.922	0.913	0.922	3642405	3850414.250
09/03/2010	0.922	0.925	0.915	0.924	2294800	2433084.000
09/06/2010	0.926	0.937	0.925	0.936	3939724	4222425.000
09/07/2010	0.936	0.938	0.931	0.937	1199802	1286493.500
09/08/2010	0.934	0.934	0.927	0.934	1029861	1101395.750
09/09/2010	0.934	0.939	0.922	0.924	1761397	1878821.500
09/10/2010	0.922	0.932	0.914	0.929	2251147	2392430.750
09/13/2010	0.928	0.937	0.926	0.935	2015772	2156428.000
09/14/2010	0.935	0.939	0.933	0.938	1959999	2105390.500
09/15/2010	0.938	0.939	0.927	0.928	907439	971391.313
09/16/2010	0.928	0.928	0.907	0.912	1057160	1112562.125
09/17/2010	0.911	0.919	0.907	0.913	1064618	1117237.000
09/20/2010	0.913	0.919	0.909	0.917	1365731	1436669.500
09/21/2010	0.921	0.921	0.913	0.919	789200	832314.313
09/27/2010	0.919	0.932	0.919	0.930	1276620	1356437.625
09/28/2010	0.924	0.930	0.923	0.927	1713746	1821779.250
09/29/2010	0.926	0.931	0.921	0.922	967851	1028964.750
09/30/2010	0.921	0.932	0.913	0.931	1331525	1416704.875
10/08/2010	0.934	0.955	0.934	0.955	4111906	4470530.500
10/11/2010	0.955	0.970	0.955	0.966	4739056	5230070.500
10/12/2010	0.958	0.963	0.956	0.960	2913878	3198837.500
10/13/2010	0.960	0.965	0.956	0.963	3435164	3775633.000
10/14/2010	0.968	0.975	0.962	0.966	5346860	5924098.000
10/15/2010	0.966	0.979	0.966	0.979	3778680	4202698.000
10/18/2010	0.982	0.987	0.969	0.972	4274372	4757114.500
10/19/2010	0.967	0.989	0.963	0.988	4420899	4933006.500
10/20/2010	0.977	1.004	0.975	1.000	5769550	6525786.500
10/21/2010	1.008	1.009	0.997	1.000	4314728	4570634.000
10/22/2010	1.002	1.007	0.993	1.002	2587258	2737275.500
10/25/2010	1.000	1.027	1.000	1.024	7293714	7836333.000
10/26/2010	1.027	1.031	1.015	1.024	4259131	4607347.000
10/27/2010	1.024	1.027	1.008	1.012	3205814	3451097.750
10/28/2010	1.009	1.012	1.002	1.009	2372535	2527365.750
10/29/2010	1.003	1.011	0.998	1.001	2453425	2601653.500
11/01/2010	1.002	1.019	1.002	1.019	3252886	3486042.000
11/02/2010	1.019	1.030	1.013	1.015	2917706	3143979.250
11/03/2010	1.012	1.020	1.007	1.013	3547050	3802598.000
11/04/2010	1.013	1.027	1.013	1.027	5267052	5677918.500
11/05/2010	1.033	1.036	1.028	1.032	5527024	6020528.000
11/08/2010	1.033	1.049	1.032	1.049	9527593	10456237.000
11/09/2010	1.047	1.047	1.038	1.040	3512211	3860709.750
11/10/2010	1.040	1.045	1.036	1.045	4992484	5487958.000
11/11/2010	1.034	1.058	1.034	1.046	6817540	7558178.000
11/12/2010	1.042	1.046	0.997	1.003	6583566	7108842.500
11/15/2010	1.000	1.009	0.994	1.009	3229704	3421450.500
11/16/2010	1.010	1.017	0.979	0.983	5453620	5724042.500
11/17/2010	0.981	0.982	0.973	0.975	5179084	5364186.500
11/18/2010	0.972	0.982	0.972	0.977	3125990	3227925.000
11/19/2010	0.982	0.987	0.971	0.987	2241154	2318672.250
11/22/2010	0.988	0.996	0.978	0.991	1924104	2017224.750
11/23/2010	0.986	0.994	0.979	0.990	3134232	3280057.000
11/24/2010	0.990	1.009	0.983	1.009	3068255	3248208.250
11/25/2010	1.011	1.012	1.003	1.012	5345257	5697640.500
11/26/2010	1.012	1.012	1.000	1.006	2567407	2730356.500
11/29/2010	1.017	1.054	1.010	1.017	7448490	8045968.500
11/30/2010	1.018	1.024	0.990	1.017	6789566	7284493.000
12/01/2010	1.015	1.019	1.002	1.006	1690417	1801740.875
12/02/2010	1.005	1.016	1.001	1.004	2239867	2389623.750
12/03/2010	1.002	1.004	0.996	1.001	1342907	1422357.000
12/06/2010	1.010	1.010	0.997	1.001	2771738	2937059.500
12/07/2010	1.003	1.017	0.994	1.015	3665302	3909750.000
12/08/2010	1.014	1.022	1.012	1.013	5266821	5666559.000
12/09/2010	1.001	1.013	0.994	1.004	2808871	2990884.250
12/10/2010	1.004	1.012	0.994	1.011	4651159	4951196.000
12/13/2010	1.008	1.030	1.008	1.030	6979393	7526688.000
12/14/2010	1.030	1.033	1.027	1.031	3707064	4035935.250
12/15/2010	1.024	1.030	1.024	1.027	2061386	2235643.000
12/16/2010	1.026	1.029	1.022	1.024	2280563	2472602.250
12/17/2010	1.021	1.024	1.012	1.022	1772438	1910987.375
12/20/2010	1.022	1.025	1.000	1.012	2779239	2983123.750
12/21/2010	1.014	1.022	1.005	1.022	1820148	1955123.625
12/22/2010	1.018	1.026	1.010	1.012	1231579	1323543.625
12/23/2010	1.012	1.018	1.007	1.009	1477484	1582236.500
12/24/2010	1.002	1.009	0.995	1.001	1681165	1778735.750
12/27/2010	1.001	1.015	0.988	0.990	2562586	2719574.250
12/28/2010	0.986	0.988	0.972	0.974	2640607	2735214.750
12/29/2010	0.973	0.980	0.972	0.979	996745	1029555.875
12/30/2010	0.982	0.984	0.974	0.983	1130904	1172167.875
12/31/2010	0.983	0.998	0.983	0.998	1419634	1488780.625
01/04/2011	1.002	1.010	0.998	1.009	1902910	2022515.500
01/05/2011	1.008	1.008	1.003	1.004	1171000	1244526.750
01/06/2011	1.007	1.007	0.998	1.002	1184588	1253369.500
01/07/2011	1.002	1.015	0.994	1.003	2029345	2162102.000
01/10/2011	1.000	1.003	0.987	0.989	1394651	1470931.250
01/11/2011	0.984	0.990	0.980	0.985	978999	1021926.688
01/12/2011	1.001	1.001	0.982	0.990	945203	988180.750
01/13/2011	0.987	0.994	0.986	0.989	441296	462398.906
01/14/2011	0.983	0.990	0.981	0.981	1294131	1346519.875
01/17/2011	0.981	0.981	0.958	0.960	2275551	2334961.500
01/18/2011	0.960	0.965	0.955	0.960	951161	967527.000
01/19/2011	0.967	0.969	0.961	0.968	1288344	1316838.125
01/20/2011	0.969	0.969	0.952	0.953	1172099	1190727.125
01/21/2011	0.952	0.965	0.952	0.952	706800	716128.375
01/24/2011	0.952	0.956	0.922	0.922	1735100	1721184.875
01/25/2011	0.933	0.941	0.924	0.937	1899786	1871812.000
01/26/2011	0.932	0.947	0.932	0.941	1448960	1441582.375
01/27/2011	0.937	0.950	0.933	0.950	865631	866394.313
01/28/2011	0.950	0.952	0.945	0.949	621250	625440.313
01/31/2011	0.952	0.959	0.949	0.959	1071168	1086446.750
02/01/2011	0.962	0.966	0.957	0.966	733930	748401.563
02/09/2011	0.963	0.965	0.952	0.956	782900	797251.000
02/10/2011	0.956	0.970	0.953	0.969	1318321	1345271.000
02/11/2011	0.970	0.977	0.968	0.976	1070368	1102004.125
02/14/2011	0.976	0.997	0.975	0.995	4867581	5099069.500
02/15/2011	0.994	0.998	0.990	0.990	3027708	3186654.500
02/16/2011	0.980	0.996	0.980	0.996	1225052	1285989.875
02/17/2011	0.995	0.999	0.989	0.994	1397055	1469585.125
02/18/2011	0.997	0.997	0.986	0.989	830506	869735.063
02/21/2011	0.984	0.998	0.984	0.998	1846368	1940171.875
02/22/2011	0.998	0.998	0.977	0.978	1732400	1804165.250
02/23/2011	0.977	0.982	0.974	0.978	1582619	1637377.750
02/24/2011	0.978	0.982	0.973	0.980	853981	885475.938
02/25/2011	0.975	0.985	0.975	0.982	615640	640513.500
02/28/2011	0.982	0.991	0.978	0.991	968247	1008990.625
03/01/2011	0.987	0.996	0.987	0.993	5631044	5909634.500
03/02/2011	0.987	0.997	0.987	0.997	1982028	2081807.750
03/03/2011	0.997	1.004	0.995	0.997	2826376	2991926.500
03/04/2011	0.994	1.003	0.990	1.002	2912106	3075464.500
03/07/2011	1.001	1.011	1.001	1.011	3656358	3895397.000
03/08/2011	1.010	1.010	1.004	1.009	1921414	2046824.875
03/09/2011	1.009	1.013	1.008	1.012	2750752	2940886.250
03/10/2011	1.012	1.012	1.003	1.006	3257419	3467851.750
03/11/2011	1.000	1.008	1.000	1.000	2092797	2222774.250
03/14/2011	0.998	1.010	0.992	1.010	1783061	1891941.250
03/15/2011	1.010	1.010	0.982	0.993	2649975	2773388.750
03/16/2011	0.994	0.999	0.985	0.998	1693967	1780981.625
03/17/2011	0.979	0.992	0.979	0.985	1511887	1582394.625
03/18/2011	0.987	0.993	0.987	0.990	1810261	1896563.000
03/21/2011	0.984	0.985	0.972	0.977	5526239	5720098.500
03/22/2011	0.976	0.979	0.968	0.977	4424693	4571701.500
03/23/2011	0.976	0.986	0.974	0.985	9231957	9570985.000
03/24/2011	0.985	0.985	0.982	0.983	4379148	4560441.000
03/25/2011	0.982	0.992	0.982	0.989	4569975	4778592.000
03/28/2011	0.989	0.995	0.981	0.983	2952657	3090587.250
03/29/2011	0.983	0.983	0.974	0.975	1784773	1849484.500
03/30/2011	0.973	0.980	0.969	0.972	1425541	1468812.125
03/31/2011	0.971	0.973	0.966	0.968	2049805	2105560.000
04/01/2011	0.971	0.979	0.967	0.979	1162987	1197670.250
04/06/2011	0.974	0.980	0.969	0.980	2558526	2647491.750
04/07/2011	0.980	0.984	0.971	0.979	3764702	3884792.500
04/08/2011	0.979	0.985	0.971	0.984	4188920	4344469.500
04/11/2011	0.984	0.988	0.982	0.983	2620469	2735649.750
04/12/2011	0.980	0.985	0.978	0.980	575086	597097.625
04/13/2011	0.979	0.994	0.978	0.994	3400024	3551252.500
04/14/2011	0.993	0.998	0.991	0.994	1827198	1922899.625
04/15/2011	0.988	0.998	0.987	0.996	1807840	1900913.750
04/18/2011	0.989	0.998	0.989	0.995	4963332	5215423.000
04/19/2011	0.990	0.990	0.973	0.983	2275834	2366090.500
04/20/2011	0.977	0.982	0.976	0.978	1585516	1642897.000
04/21/2011	0.987	0.992	0.983	0.987	1497293	1567079.750
04/22/2011	0.987	0.987	0.981	0.984	494964	515951.188
04/25/2011	0.975	0.982	0.975	0.977	745524	771730.688
04/26/2011	0.977	0.980	0.967	0.973	853757	881136.125
04/27/2011	0.971	0.979	0.970	0.971	701543	724228.813
04/28/2011	0.972	0.977	0.958	0.962	1231201	1263171.125
04/29/2011	0.962	0.970	0.958	0.964	677808	691596.375
05/03/2011	0.967	0.969	0.959	0.965	512685	523621.500
05/04/2011	0.962	0.962	0.952	0.956	614100	623941.813
05/05/2011	0.954	0.956	0.954	0.956	277599	281097.094
05/06/2011	0.957	0.960	0.951	0.957	519011	526656.250
05/09/2011	0.957	0.963	0.954	0.955	404332	410871.188
05/10/2011	0.954	0.960	0.954	0.960	336112	341600.750
05/11/2011	0.960	0.964	0.957	0.960	252700	257531.297
05/12/2011	0.957	0.963	0.955	0.957	198459	201783.891
05/13/2011	0.963	0.963	0.952	0.959	360610	364993.188
05/16/2011	0.955	0.961	0.952	0.954	198091	200621.609
05/17/2011	0.954	0.960	0.951	0.958	293373	297615.063
05/18/2011	0.952	0.962	0.952	0.962	263883	268587.781
05/19/2011	0.962	0.965	0.958	0.959	305300	311763.094
05/20/2011	0.954	0.962	0.954	0.960	345145	351085.281
05/23/2011	0.953	0.959	0.941	0.941	735200	737815.000
05/24/2011	0.942	0.942	0.938	0.941	404314	403421.563
05/25/2011	0.939	0.946	0.936	0.937	455500	454217.000
05/26/2011	0.937	0.957	0.937	0.937	393384	392167.875
05/27/2011	0.938	0.952	0.937	0.937	216100	215252.000
05/30/2011	0.935	0.935	0.923	0.927	252075	248792.172
05/31/2011	0.931	0.940	0.925	0.934	338220	333707.688
06/01/2011	0.937	0.937	0.934	0.936	151300	150212.906
06/02/2011	0.932	0.935	0.925	0.929	258907	255225.688
06/03/2011	0.929	0.937	0.925	0.932	239888	237319.891
06/07/2011	0.935	0.935	0.927	0.933	153500	151884.594
06/08/2011	0.932	0.932	0.927	0.930	141600	139809.203
06/09/2011	0.932	0.933	0.922	0.924	548176	538259.563
06/10/2011	0.922	0.930	0.921	0.926	281850	276526.094
06/13/2011	0.912	0.922	0.909	0.917	188888	183866.438
06/14/2011	0.913	0.926	0.913	0.922	303900	297660.656
06/15/2011	0.926	0.926	0.913	0.916	284276	277379.813
06/16/2011	0.912	0.922	0.910	0.912	233359	226159.719
06/17/2011	0.912	0.921	0.908	0.913	133095	129250.070
06/20/2011	0.912	0.912	0.902	0.902	186588	179993.688
06/21/2011	0.903	0.912	0.897	0.905	162280	156075.219
06/22/2011	0.902	0.909	0.902	0.908	197300	190071.594
06/23/2011	0.908	0.914	0.894	0.912	326522	315227.219
06/24/2011	0.915	0.928	0.914	0.928	685925	673735.500
06/27/2011	0.928	0.935	0.928	0.930	240767	237981.453
06/28/2011	0.927	0.932	0.927	0.930	174437	172204.797
06/29/2011	0.928	0.928	0.924	0.926	227700	224109.594
06/30/2011	0.922	0.937	0.922	0.935	713002	708123.688
07/01/2011	0.935	0.940	0.928	0.940	387410	385880.750
07/04/2011	0.941	0.957	0.941	0.957	825110	832015.000
07/05/2011	0.956	0.959	0.954	0.957	701183	711397.375
07/06/2011	0.958	0.960	0.951	0.960	570031	577320.875
07/07/2011	0.960	0.968	0.955	0.964	1309300	1337450.500
07/08/2011	0.964	0.969	0.962	0.967	762926	781001.063
07/11/2011	0.963	0.967	0.959	0.966	830769	849716.938
07/12/2011	0.960	0.962	0.954	0.957	892356	906020.563
07/13/2011	0.957	0.971	0.957	0.971	997384	1021239.500
07/14/2011	0.965	0.974	0.962	0.968	479472	491943.063
07/15/2011	0.968	0.975	0.968	0.975	1078683	1111067.750
07/18/2011	0.975	0.978	0.975	0.976	584644	604807.750
07/19/2011	0.972	0.974	0.968	0.969	339630	349108.875
07/20/2011	0.969	0.970	0.964	0.969	268728	275494.969
07/21/2011	0.968	0.968	0.965	0.965	326964	334960.281
07/22/2011	0.969	0.970	0.964	0.967	481189	493504.219
07/25/2011	0.962	0.966	0.951	0.951	834199	848106.688
07/26/2011	0.951	0.952	0.945	0.952	801809	807990.625
07/27/2011	0.944	0.960	0.944	0.958	397433	402826.875
07/28/2011	0.952	0.959	0.952	0.956	340270	344740.250
07/29/2011	0.955	0.961	0.951	0.958	514728	522164.375
08/01/2011	0.952	0.956	0.946	0.954	367162	371314.500
08/02/2011	0.954	0.954	0.942	0.951	661135	664113.500
08/03/2011	0.952	0.952	0.942	0.951	314400	315636.813
08/04/2011	0.945	0.951	0.945	0.948	246469	247824.344
08/05/2011	0.942	0.942	0.925	0.937	358490	356411.063
08/08/2011	0.937	0.937	0.912	0.919	905912	887376.313
08/09/2011	0.909	0.920	0.884	0.917	864801	828274.625
08/10/2011	0.917	0.937	0.917	0.922	433600	426035.594
08/11/2011	0.912	0.937	0.912	0.937	519304	512964.688
08/12/2011	0.934	0.950	0.934	0.947	439500	439232.000
08/15/2011	0.939	0.952	0.939	0.952	697843	700037.813
08/16/2011	0.944	0.952	0.943	0.943	202100	202835.500
08/17/2011	0.945	0.945	0.941	0.942	191683	191879.109
08/18/2011	0.942	0.944	0.935	0.936	163430	162674.297
08/19/2011	0.932	0.932	0.922	0.929	208100	204698.594
08/22/2011	0.924	0.929	0.919	0.921	349683	343319.875
08/23/2011	0.914	0.926	0.914	0.924	909235	888832.313
08/24/2011	0.924	0.928	0.922	0.922	214120	210619.578
08/25/2011	0.922	0.942	0.922	0.942	965200	953537.563
08/26/2011	0.938	0.942	0.933	0.941	713694	712105.750
08/29/2011	0.932	0.936	0.928	0.928	314955	311285.219
08/30/2011	0.932	0.940	0.923	0.923	411766	406934.469
08/31/2011	0.923	0.929	0.922	0.924	296500	291064.000
09/01/2011	0.930	0.930	0.922	0.926	225850	222127.297
09/02/2011	0.921	0.921	0.915	0.917	326550	319070.813
09/05/2011	0.912	0.912	0.899	0.905	569603	548213.563
09/06/2011	0.905	0.914	0.893	0.900	335456	321257.000
09/07/2011	0.980	0.980	0.897	0.910	246500	238845.594
09/08/2011	0.907	0.910	0.904	0.905	223256	215198.047
09/09/2011	0.910	0.910	0.892	0.897	310078	297522.188
09/13/2011	0.892	0.896	0.887	0.892	235199	223101.766
09/14/2011	0.892	0.920	0.888	0.891	271210	257941.984
09/15/2011	0.892	0.907	0.892	0.905	80521	77129.516
09/16/2011	0.893	0.910	0.893	0.902	47245	45202.738
09/19/2011	0.893	0.893	0.887	0.887	360690	341949.438
09/20/2011	0.887	0.895	0.883	0.887	323724	305774.719
09/21/2011	0.888	0.904	0.885	0.902	272802	260661.594
09/22/2011	0.892	0.895	0.889	0.892	149490	142028.594
09/23/2011	0.892	0.892	0.875	0.886	459243	429689.406
09/26/2011	0.885	0.886	0.873	0.878	267477	249912.391
09/27/2011	0.879	0.879	0.871	0.877	113556	105893.977
09/28/2011	0.878	0.885	0.862	0.863	111100	102831.797
09/29/2011	0.862	0.862	0.853	0.853	268811	245700.219
09/30/2011	0.857	0.864	0.848	0.851	183375	166988.281
10/10/2011	0.852	0.858	0.842	0.851	248564	224445.797
10/11/2011	0.857	0.864	0.845	0.845	194532	177582.281
10/12/2011	0.844	0.865	0.842	0.865	314976	288831.406
10/13/2011	0.862	0.867	0.861	0.867	198687	183055.938
10/14/2011	0.862	0.869	0.853	0.869	135687	124643.844
10/17/2011	0.869	0.871	0.864	0.870	195100	180541.703
10/18/2011	0.854	0.867	0.854	0.855	188800	173407.203
10/19/2011	0.860	0.860	0.848	0.852	110700	100836.000
10/20/2011	0.848	0.850	0.833	0.840	234900	211089.594
10/21/2011	0.841	0.841	0.838	0.838	145433	130438.266
10/24/2011	0.839	0.856	0.836	0.853	180400	162748.297
10/25/2011	0.853	0.862	0.850	0.862	298231	272406.531
10/26/2011	0.860	0.872	0.859	0.867	578361	535013.500
10/27/2011	0.872	0.875	0.866	0.867	175500	162684.703
10/28/2011	0.873	0.882	0.873	0.881	590493	553400.438
10/31/2011	0.887	0.887	0.876	0.879	595547	558552.563
11/01/2011	0.871	0.887	0.871	0.882	465300	436612.625
11/02/2011	0.878	0.893	0.873	0.893	669921	631947.313
11/03/2011	0.897	0.902	0.894	0.896	1528665	1464084.625
11/04/2011	0.903	0.904	0.896	0.900	729764	698729.375
11/07/2011	0.898	0.900	0.893	0.893	292666	279063.313
11/08/2011	0.893	0.897	0.888	0.893	220900	210156.906
11/09/2011	0.894	0.897	0.889	0.897	430975	410255.531
11/10/2011	0.890	0.892	0.888	0.888	1191820	1129746.500
11/11/2011	0.896	0.896	0.888	0.889	123300	116868.797
11/14/2011	0.891	0.901	0.890	0.900	7164268	6829383.000
11/15/2011	0.899	0.900	0.894	0.899	1465900	1402384.625
11/16/2011	0.899	0.899	0.879	0.885	418972	397832.938
11/17/2011	0.882	0.888	0.882	0.883	396013	372895.063
11/18/2011	0.879	0.882	0.871	0.873	970913	906406.375
11/21/2011	0.868	0.874	0.866	0.866	99800	92429.703
11/22/2011	0.864	0.872	0.864	0.872	664895	615559.500
11/23/2011	0.872	0.872	0.862	0.867	955800	884010.625
11/24/2011	0.862	0.874	0.862	0.868	277800	257295.906
11/25/2011	0.872	0.872	0.862	0.867	258300	238936.500
11/28/2011	0.865	0.873	0.865	0.869	146093	135328.438
11/29/2011	0.872	0.876	0.871	0.876	435232	405416.219
11/30/2011	0.874	0.879	0.859	0.866	302142	278797.344
12/01/2011	0.881	0.884	0.875	0.875	525687	493155.063
12/02/2011	0.872	0.872	0.866	0.870	136413	126266.211
12/05/2011	0.865	0.869	0.857	0.865	75535	69641.063
12/06/2011	0.854	0.866	0.852	0.859	282776	257988.313
12/07/2011	0.853	0.860	0.853	0.853	77400	70643.398
12/08/2011	0.853	0.860	0.852	0.855	140000	127947.797
12/09/2011	0.853	0.853	0.847	0.850	87500	79406.602
12/12/2011	0.850	0.850	0.843	0.845	65300	59060.301
12/13/2011	0.846	0.846	0.832	0.833	298070	265885.563
12/14/2011	0.834	0.834	0.822	0.829	185000	164143.906
12/15/2011	0.829	0.829	0.813	0.815	247707	217391.234
12/16/2011	0.829	0.829	0.813	0.829	273083	240002.766
12/19/2011	0.822	0.846	0.815	0.833	417940	368810.781
12/20/2011	0.829	0.840	0.819	0.827	102211	90759.234
12/21/2011	0.892	0.892	0.825	0.825	318794	265795.500
12/22/2011	0.827	0.830	0.810	0.814	162422	133011.516
12/23/2011	0.824	0.825	0.815	0.820	202054	165910.250
12/26/2011	0.838	0.840	0.821	0.821	355900	297407.406
12/27/2011	0.831	0.831	0.808	0.812	235900	192277.500
12/28/2011	0.824	0.824	0.807	0.819	126400	102952.500
12/29/2011	0.822	0.822	0.810	0.813	118800	97263.086
12/30/2011	0.813	0.824	0.813	0.823	97400	80042.797
01/04/2012	0.824	0.827	0.816	0.816	203890	167879.406
01/05/2012	0.818	0.818	0.808	0.808	200470	162856.859
01/06/2012	0.807	0.811	0.803	0.803	136119	109672.055
01/09/2012	0.814	0.825	0.801	0.818	145765	118669.953
01/10/2012	0.826	0.832	0.818	0.832	271900	224298.203
01/11/2012	0.837	0.837	0.821	0.830	318150	263064.500
01/12/2012	0.823	0.832	0.823	0.824	147800	122154.898
01/13/2012	0.835	0.835	0.816	0.830	212100	175116.266
01/16/2012	0.811	0.825	0.810	0.810	249700	203409.219
01/17/2012	0.810	0.820	0.810	0.820	363061	297284.063
01/18/2012	0.830	0.830	0.801	0.820	198870	162759.188
01/19/2012	0.810	0.825	0.810	0.818	189600	154974.500
01/20/2012	0.811	0.827	0.811	0.826	319980	263184.125
01/30/2012	0.821	0.830	0.821	0.826	174102	143681.953
01/31/2012	0.829	0.829	0.821	0.829	43600	36035.398
02/01/2012	0.830	0.830	0.820	0.820	79298	65223.262
02/02/2012	0.829	0.829	0.818	0.827	114097	93972.898
02/03/2012	0.826	0.832	0.823	0.829	127544	105500.914
02/06/2012	0.820	0.834	0.820	0.830	352600	290939.000
02/07/2012	0.821	0.823	0.818	0.823	149600	122899.797
02/08/2012	0.825	0.832	0.822	0.831	301849	250084.406
02/09/2012	0.830	0.833	0.830	0.830	130700	108626.703
02/10/2012	0.830	0.835	0.830	0.831	238300	198019.594
02/13/2012	0.826	0.833	0.826	0.831	205193	170488.500
02/14/2012	0.827	0.831	0.826	0.830	187570	155466.734
02/15/2012	0.830	0.836	0.830	0.835	492612	411169.625
02/16/2012	0.830	0.839	0.830	0.830	234100	195074.703
02/17/2012	0.831	0.839	0.830	0.832	195137	162330.719
02/20/2012	0.838	0.840	0.834	0.834	286100	239490.203
02/21/2012	0.837	0.837	0.828	0.836	174443	145155.984
02/22/2012	0.833	0.840	0.833	0.839	602359	504255.188
02/23/2012	0.840	0.844	0.836	0.840	590500	495333.594
02/24/2012	0.840	0.850	0.838	0.850	658215	555154.125
02/27/2012	0.851	0.858	0.851	0.855	564090	482330.656
02/28/2012	0.852	0.858	0.846	0.854	364500	311030.094
02/29/2012	0.854	0.854	0.847	0.848	156530	132990.906
03/01/2012	0.848	0.850	0.840	0.844	449796	379931.125
03/02/2012	0.849	0.853	0.846	0.853	560500	476719.813
03/05/2012	0.854	0.854	0.848	0.849	272700	232391.094
03/06/2012	0.850	0.850	0.832	0.840	502570	422346.844
03/07/2012	0.831	0.843	0.831	0.836	360902	302722.156
03/08/2012	0.839	0.847	0.839	0.846	255534	215201.016
03/09/2012	0.850	0.853	0.843	0.853	371594	315742.188
03/12/2012	0.847	0.853	0.845	0.852	238198	202221.734
03/13/2012	0.852	0.860	0.852	0.860	884464	757287.500
03/14/2012	0.858	0.866	0.841	0.846	613404	524095.781
03/15/2012	0.844	0.853	0.831	0.848	866605	734570.313
03/16/2012	0.851	0.860	0.850	0.855	833431	711764.375
03/19/2012	0.853	0.860	0.853	0.859	315985	270733.313
03/20/2012	0.854	0.855	0.850	0.850	97300	82930.602
03/21/2012	0.850	0.856	0.844	0.849	319741	271011.844
03/22/2012	0.849	0.849	0.840	0.844	245800	207077.906
03/23/2012	0.848	0.848	0.838	0.840	166600	140149.594
03/26/2012	0.839	0.847	0.839	0.842	367789	309025.156
03/27/2012	0.842	0.846	0.839	0.839	265900	223932.500
03/28/2012	0.833	0.834	0.823	0.823	251890	208481.875
03/29/2012	0.813	0.821	0.812	0.816	631527	515170.406
03/30/2012	0.813	0.823	0.813	0.816	191200	156679.203
04/05/2012	0.812	0.835	0.812	0.826	336724	276513.938
04/06/2012	0.823	0.838	0.823	0.828	517363	428360.156
04/09/2012	0.830	0.830	0.825	0.825	64900	53794.102
04/10/2012	0.829	0.831	0.818	0.831	491810	404792.094
04/11/2012	0.828	0.832	0.825	0.832	465984	387334.875
04/12/2012	0.832	0.842	0.830	0.842	327500	273124.000
04/13/2012	0.842	0.845	0.841	0.844	250390	211260.391
04/16/2012	0.836	0.845	0.836	0.845	212100	178464.203
04/17/2012	0.837	0.845	0.835	0.837	261700	219084.500
04/18/2012	0.832	0.846	0.832	0.845	508334	428518.781
04/19/2012	0.840	0.846	0.839	0.839	326676	275184.875
04/20/2012	0.835	0.847	0.835	0.846	710589	600082.875
04/23/2012	0.846	0.846	0.840	0.842	599628	505937.813
04/24/2012	0.840	0.850	0.832	0.837	585400	491206.688
04/25/2012	0.837	0.845	0.836	0.845	355099	299046.406
04/26/2012	0.849	0.849	0.842	0.843	48736	41169.355
04/27/2012	0.844	0.846	0.844	0.846	235700	199164.500
05/02/2012	0.845	0.857	0.845	0.855	705600	602404.875
05/03/2012	0.855	0.859	0.853	0.858	804968	689159.688
05/04/2012	0.858	0.866	0.858	0.866	1172177	1010637.438
05/07/2012	0.862	0.868	0.862	0.867	672743	581407.563
05/08/2012	0.869	0.869	0.860	0.864	389794	337171.313
05/09/2012	0.853	0.863	0.853	0.854	238100	203691.703
05/10/2012	0.851	0.860	0.851	0.854	110300	94303.602
05/11/2012	0.851	0.858	0.851	0.855	69900	59780.699
05/14/2012	0.852	0.863	0.852	0.853	295139	251730.922
05/15/2012	0.844	0.851	0.844	0.851	125507	106556.008
05/16/2012	0.846	0.850	0.845	0.846	165000	139698.203
05/17/2012	0.843	0.852	0.843	0.852	534200	453223.000
05/18/2012	0.845	0.847	0.840	0.840	291346	245984.344
05/21/2012	0.836	0.844	0.836	0.840	344822	289419.688
05/22/2012	0.845	0.851	0.843	0.851	135953	115439.094
05/23/2012	0.851	0.851	0.843	0.843	91300	77332.602
05/24/2012	0.843	0.846	0.842	0.845	89400	75500.602
05/25/2012	0.838	0.838	0.835	0.835	105689	88438.914
05/28/2012	0.836	0.842	0.832	0.839	1017387	850380.750
05/29/2012	0.839	0.850	0.839	0.843	300328	253220.375
05/30/2012	0.843	0.843	0.840	0.841	219053	184422.469
05/31/2012	0.840	0.847	0.839	0.847	189140	159094.203
06/01/2012	0.847	0.849	0.845	0.848	228337	193627.359
06/04/2012	0.847	0.847	0.831	0.839	282399	237734.063
06/05/2012	0.848	0.848	0.835	0.841	211220	177251.953
06/06/2012	0.841	0.847	0.840	0.841	127700	107624.797
06/07/2012	0.847	0.847	0.840	0.840	312419	263608.313
06/08/2012	0.840	0.850	0.836	0.838	442119	371202.188
06/11/2012	0.836	0.846	0.836	0.843	376750	316882.000
06/12/2012	0.845	0.845	0.835	0.836	195922	164230.688
06/13/2012	0.836	0.852	0.836	0.852	946897	803154.938
06/14/2012	0.852	0.855	0.851	0.852	631774	539091.063
06/15/2012	0.855	0.856	0.850	0.853	383100	326909.344
06/18/2012	0.852	0.858	0.852	0.855	187200	160164.203
06/19/2012	0.854	0.858	0.854	0.855	284725	243556.703
06/20/2012	0.855	0.855	0.852	0.852	121400	103660.797
06/21/2012	0.849	0.849	0.840	0.848	87800	74195.797
06/25/2012	0.847	0.847	0.839	0.840	219250	184278.250
06/26/2012	0.837	0.842	0.836	0.838	61500	51511.602
06/27/2012	0.836	0.838	0.835	0.836	110500	92382.297
06/28/2012	0.835	0.840	0.833	0.833	149100	124486.797
06/29/2012	0.831	0.844	0.830	0.844	155900	130010.602
07/02/2012	0.843	0.849	0.840	0.841	152111	127948.555
07/03/2012	0.842	0.849	0.842	0.844	349805	296519.531
07/04/2012	0.844	0.852	0.842	0.844	141907	119930.508
07/05/2012	0.842	0.842	0.835	0.838	119420	100006.313
07/06/2012	0.836	0.850	0.836	0.850	565617	477271.750
07/09/2012	0.850	0.853	0.840	0.840	279698	236548.516
07/10/2012	0.835	0.849	0.833	0.840	106400	89042.703
07/11/2012	0.839	0.846	0.836	0.840	87400	73223.898
07/12/2012	0.841	0.851	0.841	0.851	485700	411432.094
07/13/2012	0.852	0.855	0.848	0.853	344101	292880.563
07/16/2012	0.857	0.857	0.838	0.840	276000	232280.406
07/17/2012	0.840	0.849	0.837	0.842	77500	65261.602
07/18/2012	0.847	0.847	0.835	0.838	143697	120248.883
07/19/2012	0.846	0.849	0.840	0.848	362000	306045.000
07/20/2012	0.849	0.849	0.838	0.847	311233	261326.094
07/23/2012	0.847	0.847	0.831	0.833	224813	187440.000
07/24/2012	0.843	0.843	0.832	0.833	69152	57659.816
07/25/2012	0.838	0.838	0.833	0.836	30901	25759.533
07/26/2012	0.837	0.837	0.832	0.832	148300	123545.297
07/27/2012	0.831	0.831	0.827	0.827	261460	217012.219
07/30/2012	0.827	0.835	0.825	0.825	152945	126755.328
07/31/2012	0.834	0.834	0.823	0.825	35000	29059.600
08/01/2012	0.825	0.833	0.825	0.828	114375	94577.023
08/02/2012	0.825	0.826	0.823	0.823	130026	107095.500
08/03/2012	0.823	0.830	0.822	0.826	29200	24176.900
08/06/2012	0.834	0.834	0.822	0.833	458196	381069.281
08/07/2012	0.834	0.835	0.831	0.833	213982	178383.203
08/08/2012	0.837	0.837	0.834	0.835	65300	54482.898
08/09/2012	0.831	0.841	0.831	0.840	206904	173582.328
08/10/2012	0.840	0.842	0.840	0.840	123800	104033.703
08/13/2012	0.833	0.841	0.832	0.832	121150	101255.250
08/14/2012	0.831	0.833	0.825	0.832	146330	121361.563
08/15/2012	0.835	0.835	0.825	0.825	16400	13531.000
08/16/2012	0.825	0.832	0.820	0.830	165282	136016.656
08/17/2012	0.822	0.825	0.820	0.822	260042	213506.938
08/20/2012	0.808	0.820	0.806	0.818	165169	134195.813
08/21/2012	0.822	0.829	0.818	0.818	167800	138515.406
08/22/2012	0.818	0.828	0.818	0.818	17100	14001.800
08/23/2012	0.827	0.827	0.820	0.820	49800	40838.301
08/24/2012	0.817	0.820	0.810	0.815	137010	111629.406
08/27/2012	0.805	0.810	0.805	0.809	184679	148910.594
08/28/2012	0.806	0.810	0.805	0.809	169690	136779.594
08/29/2012	0.811	0.811	0.800	0.805	242400	194644.906
08/30/2012	0.800	0.809	0.778	0.789	148301	117077.078
08/31/2012	0.797	0.797	0.784	0.790	130650	102769.602
09/03/2012	0.795	0.804	0.795	0.795	15900	12738.300
09/04/2012	0.792	0.800	0.791	0.792	136800	108603.898
09/05/2012	0.792	0.803	0.790	0.803	16400	12963.000
09/06/2012	0.802	0.802	0.790	0.801	57870	46019.969
09/07/2012	0.807	0.818	0.806	0.817	518082	420529.781
09/10/2012	0.810	0.819	0.803	0.812	231200	187610.406
09/11/2012	0.808	0.810	0.805	0.808	161776	130539.180
09/12/2012	0.807	0.815	0.805	0.813	161900	131288.906
09/13/2012	0.813	0.813	0.806	0.806	128100	103664.898
09/14/2012	0.808	0.816	0.808	0.814	167220	135940.094
09/17/2012	0.807	0.813	0.802	0.802	219666	176646.891
09/18/2012	0.793	0.810	0.793	0.799	142674	113643.477
09/19/2012	0.796	0.800	0.792	0.795	128200	102065.867
09/20/2012	0.792	0.797	0.790	0.790	196600	155982.594
09/21/2012	0.790	0.790	0.782	0.785	219400	172325.703
09/24/2012	0.781	0.790	0.780	0.789	374880	293452.688
09/25/2012	0.782	0.794	0.782	0.788	131100	103045.898
09/26/2012	0.781	0.797	0.781	0.781	355500	278329.094
09/27/2012	0.783	0.800	0.783	0.797	447587	355705.969
09/28/2012	0.788	0.807	0.788	0.807	235542	188880.156
10/08/2012	0.791	0.810	0.791	0.800	68584	54915.000
10/09/2012	0.814	0.815	0.809	0.813	134100	109108.500
10/10/2012	0.811	0.815	0.808	0.815	228366	185285.313
10/11/2012	0.814	0.814	0.807	0.807	27301	22064.406
10/12/2012	0.807	0.811	0.806	0.807	198706	160463.844
10/15/2012	0.807	0.808	0.805	0.808	101400	81709.203
10/16/2012	0.805	0.817	0.805	0.812	53300	43171.102
10/17/2012	0.822	0.822	0.806	0.810	14350	11600.500
10/18/2012	0.810	0.819	0.810	0.818	279300	228485.906
10/19/2012	0.814	0.815	0.814	0.815	52900	43101.398
10/22/2012	0.811	0.816	0.810	0.816	217600	177303.406
10/23/2012	0.815	0.815	0.811	0.811	28994	23593.328
10/24/2012	0.810	0.811	0.809	0.809	154799	125378.109
10/25/2012	0.812	0.812	0.803	0.803	157876	127306.930
10/26/2012	0.801	0.814	0.794	0.796	147159	117629.906
10/29/2012	0.806	0.806	0.792	0.802	109200	86671.102
10/30/2012	0.792	0.802	0.792	0.798	89800	71685.797
10/31/2012	0.802	0.802	0.795	0.800	26251	20919.744
11/01/2012	0.796	0.809	0.796	0.805	135501	109162.609
11/02/2012	0.807	0.807	0.802	0.806	138700	111631.898
11/05/2012	0.806	0.806	0.780	0.804	425150	338904.656
11/06/2012	0.802	0.802	0.796	0.799	153200	122246.797
11/07/2012	0.800	0.801	0.797	0.800	126900	101544.797
11/08/2012	0.793	0.800	0.792	0.794	172451	136866.688
11/09/2012	0.790	0.795	0.790	0.790	106223	83950.172
11/12/2012	0.790	0.794	0.785	0.790	149600	118056.000
11/13/2012	0.786	0.787	0.782	0.784	65400	51260.199
11/14/2012	0.780	0.787	0.780	0.785	78200	61455.301
11/15/2012	0.785	0.785	0.778	0.780	95200	74369.703
11/16/2012	0.780	0.780	0.773	0.780	127067	98612.922
11/19/2012	0.765	0.789	0.765	0.789	110800	86230.297
11/20/2012	0.775	0.786	0.765	0.770	75400	58099.301
11/21/2012	0.766	0.770	0.766	0.770	124897	95903.594
11/22/2012	0.779	0.779	0.760	0.770	155600	119099.797
11/23/2012	0.763	0.774	0.763	0.770	171607	132118.797
11/26/2012	0.767	0.770	0.765	0.767	178600	136943.500
11/27/2012	0.761	0.770	0.753	0.760	204523	155735.031
11/28/2012	0.761	0.761	0.757	0.757	22500	17045.699
11/29/2012	0.757	0.760	0.746	0.750	232300	174710.203
11/30/2012	0.769	0.769	0.746	0.754	360184	270862.875
12/03/2012	0.749	0.750	0.741	0.749	244342	182269.500
12/04/2012	0.750	0.750	0.740	0.745	192900	142911.703
12/05/2012	0.745	0.764	0.745	0.761	321142	242847.484
12/06/2012	0.760	0.762	0.754	0.762	187114	141341.250
12/07/2012	0.765	0.772	0.764	0.772	267024	204970.281
12/10/2012	0.779	0.779	0.773	0.779	136900	106429.102
12/11/2012	0.779	0.779	0.775	0.776	202500	157328.094
12/12/2012	0.769	0.778	0.769	0.778	84000	65119.000
12/13/2012	0.779	0.779	0.770	0.775	62700	48671.398
12/14/2012	0.777	0.799	0.775	0.798	690830	545871.313
12/17/2012	0.800	0.804	0.798	0.802	734271	587719.438
12/18/2012	0.781	0.810	0.781	0.808	217800	174677.000
12/19/2012	0.800	0.810	0.800	0.805	273878	220102.297
12/20/2012	0.811	0.811	0.799	0.802	266900	213909.797
12/21/2012	0.804	0.812	0.801	0.805	250300	201974.500
12/24/2012	0.801	0.810	0.801	0.810	450635	364289.500
12/25/2012	0.810	0.830	0.810	0.827	1108238	912323.688
12/26/2012	0.824	0.829	0.823	0.829	241262	198972.828
12/27/2012	0.829	0.831	0.828	0.828	319485	264855.031
12/28/2012	0.826	0.835	0.826	0.834	247132	206005.953
12/31/2012	0.839	0.847	0.837	0.846	485100	408859.938
01/04/2013	0.850	0.856	0.844	0.852	495900	421706.594
01/07/2013	0.842	0.855	0.842	0.855	830829	707229.563
01/08/2013	0.854	0.859	0.850	0.858	682826	584733.625
01/09/2013	0.859	0.861	0.854	0.860	503340	432331.563
01/10/2013	0.860	0.865	0.859	0.865	587537	507530.000
01/11/2013	0.865	0.865	0.850	0.850	678884	582308.688
01/14/2013	0.860	0.876	0.850	0.875	1292200	1122645.125
01/15/2013	0.873	0.885	0.873	0.882	749928	660058.375
01/16/2013	0.876	0.886	0.865	0.880	506100	443376.813
01/17/2013	0.873	0.883	0.870	0.870	263514	230113.516
01/18/2013	0.873	0.883	0.873	0.883	916515	803883.250
01/21/2013	0.883	0.884	0.879	0.883	239840	211466.813
01/22/2013	0.883	0.884	0.876	0.878	249628	219677.813
01/23/2013	0.873	0.880	0.870	0.880	430595	376906.125
01/24/2013	0.876	0.892	0.871	0.874	730190	645696.813
01/25/2013	0.867	0.875	0.867	0.870	115492	100628.039
01/28/2013	0.870	0.889	0.870	0.887	1275824	1122549.625
01/29/2013	0.886	0.893	0.886	0.892	367426	326967.844
01/30/2013	0.892	0.897	0.887	0.891	247536	220549.969
01/31/2013	0.891	0.897	0.891	0.896	428038	382298.969
02/01/2013	0.897	0.908	0.891	0.908	924638	833484.000
02/04/2013	0.919	0.919	0.909	0.910	537576	489449.375
02/05/2013	0.910	0.920	0.900	0.912	568810	515915.281
02/06/2013	0.910	0.920	0.910	0.920	556543	509654.688
02/07/2013	0.913	0.919	0.910	0.919	309789	283701.375
02/08/2013	0.918	0.928	0.918	0.926	527164	487473.719
02/18/2013	0.934	0.934	0.915	0.917	635200	584368.000
02/19/2013	0.917	0.917	0.903	0.904	1284100	1162939.000
02/20/2013	0.908	0.912	0.903	0.912	216085	196226.656
02/21/2013	0.902	0.909	0.890	0.894	409500	367604.188
02/22/2013	0.900	0.900	0.891	0.892	166388	148840.156
02/25/2013	0.892	0.895	0.890	0.895	172097	153519.922
02/26/2013	0.891	0.900	0.884	0.884	133140	119073.820
02/27/2013	0.884	0.894	0.880	0.883	213509	188660.438
02/28/2013	0.888	0.900	0.882	0.899	241919	215040.172
03/01/2013	0.900	0.909	0.894	0.898	165000	148044.000
03/04/2013	0.886	0.896	0.880	0.882	394600	349411.094
03/05/2013	0.875	0.900	0.875	0.900	435078	387524.719
03/06/2013	0.900	0.910	0.895	0.905	624652	562446.250
03/07/2013	0.910	0.910	0.887	0.895	393700	354624.313
03/08/2013	0.900	0.900	0.891	0.893	84937	75924.867
03/11/2013	0.890	0.899	0.881	0.889	172849	153460.969
03/12/2013	0.887	0.907	0.877	0.877	234400	207418.703
03/13/2013	0.880	0.880	0.870	0.873	220572	192826.297
03/14/2013	0.867	0.890	0.867	0.874	52096	45481.992
03/15/2013	0.871	0.889	0.870	0.878	297910	260644.422
03/18/2013	0.870	0.879	0.867	0.870	240201	208990.172
03/19/2013	0.875	0.875	0.867	0.873	122700	106871.797
03/20/2013	0.889	0.890	0.877	0.890	264526	234143.484
03/21/2013	0.887	0.897	0.887	0.894	925780	824449.938
03/22/2013	0.896	0.896	0.890	0.895	348100	310948.813
03/25/2013	0.897	0.897	0.888	0.890	519400	463400.906
03/26/2013	0.890	0.897	0.881	0.884	289126	256730.766
03/27/2013	0.889	0.898	0.888	0.893	626993	559626.500
03/28/2013	0.888	0.888	0.880	0.880	369153	325532.531
03/29/2013	0.880	0.890	0.877	0.885	100373	88332.984
04/01/2013	0.885	0.889	0.876	0.881	69875	61597.875
04/02/2013	0.881	0.890	0.870	0.875	177075	155617.672
04/03/2013	0.870	0.870	0.855	0.863	368096	317602.469
04/08/2013	0.861	0.864	0.843	0.864	306426	263039.750
04/09/2013	0.864	0.872	0.864	0.864	180201	156380.063
04/10/2013	0.861	0.865	0.860	0.865	238424	205533.281
04/11/2013	0.866	0.869	0.865	0.865	223732	193757.406
04/12/2013	0.870	0.870	0.864	0.865	42589	36852.887
04/15/2013	0.887	0.887	0.857	0.859	128900	110790.500
04/16/2013	0.860	0.862	0.854	0.862	187629	161061.594
04/17/2013	0.861	0.866	0.859	0.865	169609	146459.734
04/18/2013	0.870	0.870	0.864	0.869	99200	86153.898
04/19/2013	0.869	0.885	0.869	0.884	382700	336678.406
04/22/2013	0.885	0.885	0.881	0.882	478170	421449.531
04/23/2013	0.880	0.881	0.862	0.871	225900	196967.703
04/24/2013	0.870	0.878	0.866	0.877	83400	72878.602
04/25/2013	0.875	0.875	0.864	0.870	213857	185924.594
04/26/2013	0.866	0.878	0.862	0.863	213074	184259.484
05/02/2013	0.867	0.867	0.853	0.859	138100	118165.000
05/03/2013	0.859	0.878	0.840	0.875	475742	414105.938
05/06/2013	0.877	0.888	0.877	0.887	391501	346658.344
05/07/2013	0.886	0.892	0.886	0.891	376400	334959.406
05/08/2013	0.891	0.897	0.890	0.896	458757	410500.094
05/09/2013	0.896	0.898	0.890	0.895	466459	417072.313
05/10/2013	0.898	0.900	0.892	0.898	413450	370508.281
05/13/2013	0.898	0.900	0.894	0.895	295264	264916.313
05/14/2013	0.895	0.900	0.881	0.892	209593	186094.594
05/15/2013	0.888	0.893	0.888	0.893	257405	229602.438
05/16/2013	0.900	0.911	0.890	0.911	942908	853215.000
05/17/2013	0.910	0.916	0.905	0.916	538181	490050.656
05/20/2013	0.916	0.922	0.916	0.917	611700	562662.688
05/21/2013	0.917	0.917	0.907	0.909	185765	169334.719
05/22/2013	0.911	0.918	0.911	0.913	365403	333894.031
05/23/2013	0.909	0.916	0.901	0.901	257275	234212.406
05/24/2013	0.919	0.919	0.904	0.910	273000	248711.906
05/27/2013	0.906	0.920	0.906	0.908	146028	132680.922
05/28/2013	0.922	0.922	0.908	0.920	427885	392171.844
05/29/2013	0.920	0.926	0.920	0.925	845900	782001.750
数据来源:通达信
